"id","X1","X2","Y","a"
1,0.174086957821382,0.633490619292633,0,-1
1,0.228151165847971,0.919535859880832,0,-1
1,-1.46112692366164,0.592638527025752,0,-1
1,0.449236351738491,1.08945105948729,0,-1
1,-1.03127199698905,2.42750709656361,1,-1
1,-0.335910342104606,3.18915191040738,0,-1
1,1.01121492798143,-1.48330778716459,0,-1
1,0.472720571107586,-0.615096672797163,0,-1
1,-0.339833789118213,1.607760108832,1,-1
1,-1.22431842694579,-1.36920311776663,0,-1
1,-0.526502904846592,-1.42440102443895,0,-1
1,-0.21081855586733,-1.37349942427724,0,-1
1,1.83289330886866,1.26243978696922,1,-1
1,-0.216238919420442,-0.85416369848106,0,-1
1,-0.528806861996993,-0.173860995157393,2,-1
1,-0.126808247103842,0.127110167146756,0,-1
1,0.186881330137133,0.264582776849372,0,-1
1,-1.68482474201188,-1.10290849795633,0,-1
1,0.203779906807562,1.04527703267753,0,-1
1,1.04244474491984,1.35096985546003,0,-1
1,0.538292928044644,0.182544315920543,0,-1
1,-0.567819892356746,0.395494628323383,1,-1
1,-0.502716620519968,-0.795434105686206,0,-1
1,1.34885209019662,0.291563653529926,1,-1
1,1.00878263286358,1.06673978509086,0,-1
1,-2.07844245491432,-0.749561751226894,0,-1
1,0.937060715820415,0.874412422583721,0,-1
1,0.186076399616758,0.801709521875791,0,-1
1,-0.333710701912823,-1.50780074892533,0,-1
1,-0.0707543071512809,1.30054405696618,0,-1
1,-0.36623136847034,-0.251150543469782,0,-1
1,0.190287119733215,0.26126387111647,1,-1
1,-1.12472898825148,1.07302493214911,1,-1
1,-0.140621435847601,-1.40948468954658,0,-1
1,0.257858381664174,-0.606005852563432,0,-1
1,0.788511371666312,0.214209507955575,0,-1
1,0.228948620280793,-1.86594964440031,0,-1
1,-0.707175751329834,-0.352976558329252,0,-1
1,1.86203516164796,-0.0217833052071329,1,-1
1,-0.495017485456476,1.49276070064863,0,-1
1,-0.101222786924178,0.129257617118279,0,-1
1,-0.218172665034129,-0.919667670688827,0,-1
1,-0.854211235896391,0.450711930145506,2,-1
1,-0.430966782070563,-0.316601125619076,0,-1
1,1.11999730430434,-0.143135324385362,0,-1
1,-0.766040213651796,-3.3978757977624,0,-1
1,-0.684333164660625,-1.473222438041,0,-1
1,0.994457796244493,0.597377326448653,2,-1
1,-0.192311531188168,-0.914644708329854,0,-1
1,-1.31037929538239,1.13490334920257,1,-1
1,0.931884416338577,0.232968467404578,0,-1
1,-0.959484030200107,-1.58959995332522,0,-1
1,0.800605853013224,-0.170550004595905,3,-1
1,0.031451644187018,-0.985948618617007,0,-1
1,-1.77848597131736,-1.81105909467372,0,-1
1,-0.528411635918518,0.141225287690049,0,-1
1,-0.143528102563974,0.25039619599049,0,-1
1,-0.889180404634008,0.329031625694879,1,-1
1,-1.63537878559759,-1.20742134317799,0,-1
1,0.224268346624179,0.112903678629292,2,-1
1,-0.0110122171014383,0.906570690100727,0,-1
1,1.50448391308407,-1.43302166515638,1,-1
1,-0.990413635087634,1.36322315237571,0,-1
1,0.355162130347065,0.974912715999729,0,-1
1,-0.23942248955011,0.0866545250189314,1,-1
1,0.234139035141403,-0.211658750146032,0,-1
1,-1.91014041863883,-0.579011171521599,1,-1
1,0.92957111433871,-0.108467329409674,1,-1
1,-0.171760892012196,-0.598354533052836,0,-1
1,0.739812638691044,-0.535018566717679,0,-1
1,0.22279901739308,1.77516426180479,2,-1
1,0.401544579371556,-1.16456509696695,0,-1
1,0.588944314513713,-0.901271102853516,0,-1
1,-1.00363682163847,0.957016366340348,0,-1
1,-0.418009194613955,-0.0646619294131296,1,-1
1,-0.685610191518496,0.402507781697712,0,-1
1,-1.79131612913342,0.826230393325379,0,-1
1,-1.21162874695402,0.968672994984861,2,-1
1,0.264078275851871,0.454477260377903,0,-1
1,0.543870333153386,0.955722417262611,0,-1
1,-0.707444825267623,-2.04116663351825,0,-1
1,0.314415722145136,1.4012929688018,0,-1
1,-2.67296014751903,-1.08079872380025,0,-1
1,-0.0317276824411044,-0.0153849371045621,0,-1
1,-1.94556265790238,-1.51008698097765,0,-1
1,1.12565706272669,1.04594202952511,1,-1
1,-0.828531065907595,-0.395314633985953,0,-1
1,-1.95476070534672,-0.879971699248139,1,-1
1,-1.14688566515909,-1.19220066512716,0,-1
1,0.0465614781652759,-0.100107339187288,0,-1
2,1.27303986325081,-0.647841329506715,0,-1
2,1.43187724537503,-0.533105462854418,0,-1
2,-0.336130943540906,-1.10555626457249,0,-1
2,0.265508198968619,-0.260504867090248,0,-1
2,1.87820658746763,-0.809344596530788,0,-1
2,1.00695167144603,-0.373437754833783,1,-1
2,-0.0514628740683443,-0.892941012150098,0,-1
2,-0.122035741746351,-0.978405889105393,3,-1
2,0.514132976413283,-0.38873490943037,0,-1
2,-1.86151122056158,-0.470643667675669,0,-1
2,0.967637682621343,-0.700152294788673,1,-1
2,-0.0736485555743402,0.813436539458455,1,-1
2,0.0238476816735976,-0.823507173511881,0,-1
2,-0.485741769211744,-1.36909814328824,0,-1
2,0.549096773099503,1.09235700190406,1,-1
2,-0.287914602125603,-1.43361505310104,0,-1
2,1.64989743488837,-0.267927059281162,0,-1
2,-1.30468659723642,-1.96384346056568,1,-1
2,-0.824951591893001,-0.254627787517292,0,-1
2,0.951307825247749,0.110962974449578,0,-1
2,-0.427676598548989,-0.0981565903297336,2,-1
2,-0.788312980237243,1.18464338007583,0,-1
2,-0.736978133160264,-1.13904852558263,0,-1
2,-0.802820016621664,-0.860063028286339,0,-1
2,-0.630300665079606,0.00732701030310116,1,-1
2,1.07963067385973,1.49642487292868,0,-1
2,0.987173109007783,-0.0275021081067614,0,-1
2,-0.0835908494215552,-0.150326636480091,0,-1
2,-0.897885728638724,-0.626276584601155,1,-1
2,-1.61640000195426,0.304929146121963,0,-1
2,-0.242520392773272,-1.77878019240978,1,-1
2,0.601082395937789,-0.514918459562392,0,-1
2,0.225777904004071,0.0244123172379634,0,-1
2,0.799652976051408,-0.724508226355831,1,-1
2,0.863554981968806,-1.26787490869001,1,-1
2,0.71887841219443,2.72034290313958,0,-1
2,1.05234288693078,0.361817712580449,0,-1
2,1.44533874702109,1.2267067208697,1,-1
2,-0.81443619474541,-0.118288056880143,0,-1
2,0.971363030234456,0.447639751465595,0,-1
2,0.869571230264634,0.127979997782271,0,-1
2,0.315537320261449,1.31394060209444,0,-1
2,-0.506561148116728,0.0626545823323579,1,-1
2,0.0588968358191306,1.2379866420259,0,-1
2,-0.39305771032129,-1.03919352565338,0,-1
2,1.88008882292984,0.100021669813355,1,-1
2,1.21663915090281,-1.58121792611747,0,-1
2,-0.309183927488752,0.166637606726504,0,-1
2,1.98258488534597,1.92965814731396,0,-1
2,-0.396295727073451,-0.606138679222207,1,-1
2,1.72065934475953,-1.29128202895746,0,-1
2,-0.366121201639264,0.630595283444203,0,-1
2,-2.98055048021455,-0.830306183074896,0,-1
2,0.814338931386873,0.452852921886439,0,-1
2,-1.42370583119719,-1.85621555344276,0,-1
2,0.0241610305943017,-0.31249921671644,1,-1
2,-0.531538464970796,0.021891133244964,0,-1
2,1.79919718739732,-1.14881658702417,0,-1
2,1.78711274805059,0.607278323519913,1,-1
2,-0.26916659090993,-2.10326619729786,1,-1
2,0.00176778653303993,2.75854924392072,0,-1
2,0.0171589890581619,-0.980373721928798,0,-1
2,-0.841794629856267,-1.19730904642068,0,-1
2,-1.56330512151444,-0.149624475123931,1,-1
2,-0.129279476539894,-0.211868292598421,1,-1
2,-0.0261154946836959,-0.235676738248464,1,-1
2,-0.172414270608052,-0.716593865599127,1,-1
2,0.690500897044331,0.953655949157969,1,-1
2,0.72124572846111,0.0385763564610247,0,-1
2,-0.449233840364312,0.742897485667024,0,-1
2,-0.277854104525716,0.200978630727454,0,-1
2,0.162856056575144,0.404197787239096,0,-1
2,-1.43345273920426,-1.10913557750491,0,-1
2,-1.46078070239272,-1.21644092129666,0,-1
2,1.04665926581106,1.0743316347256,0,-1
2,-0.621235786675445,-0.0947644638120139,0,-1
2,0.0339264298833393,-0.336657341715635,1,-1
2,-1.11887044857647,0.861617384795616,0,-1
2,-1.68131348633174,-2.01688517822506,0,-1
2,-1.46261237610114,-1.66498318211933,1,-1
2,1.7391261343629,-1.14250763301121,1,-1
2,-0.840707548381652,-1.40642520917575,0,-1
2,0.326828737453813,0.0231290418072524,1,-1
2,0.553953551604007,1.39884807740245,0,-1
2,1.10760929550811,-3.38589211440818,0,-1
2,-0.403689575367369,0.953775605596459,0,-1
2,-1.54992057362451,-0.309180968093033,0,-1
2,0.533360940186386,-1.41951372270226,0,-1
2,-0.705657059236123,-1.15114839150658,0,-1
2,0.447115331734344,-0.30503933204569,0,-1
2,-0.578160139846507,-1.20735568080494,0,-1
3,-1.55302788596819,-0.790094048720213,0,-1
3,-0.94125839242486,-1.33581584101801,0,-1
3,-0.276660226320621,0.917832264705859,1,-1
3,-0.187559160212274,-1.47927108361737,1,-1
3,-1.613122050503,0.0278446366166945,0,-1
3,0.853760792812687,-0.788737851053138,0,-1
3,-0.295343078679049,-2.06843755024694,0,-1
3,0.848730177946177,1.63872480723023,0,-1
3,-0.443054927299106,1.00107464143509,0,-1
3,0.146067458241507,1.03579498409778,2,-1
3,-0.239317608882077,1.41947146799331,0,-1
3,-3.05640670734803,0.838133118997358,0,-1
3,-0.780052677597876,-0.537215496939257,0,-1
3,-1.59153979616954,-1.21148124449303,0,-1
3,0.220356248151128,0.822477596300051,0,-1
3,0.659148508119874,-0.766990029122165,0,-1
3,-0.392505989493084,0.0922505813584468,1,-1
3,0.415235860048098,1.67044331062516,1,-1
3,0.664577805492355,-0.865843680938192,0,-1
3,-0.370406248506722,-0.0280833196850821,0,-1
3,0.782105477448205,-2.15735450897242,0,-1
3,-0.0917996731759246,-0.426186718085434,0,-1
3,-1.64511193805919,0.33062775628887,0,-1
3,-0.219878110346705,0.205183197685889,0,-1
3,-0.0624759259549817,-0.310696577284015,1,-1
3,-0.51546747213605,1.81419956871426,0,-1
3,-0.880844179369973,0.0680199250957376,1,-1
3,0.255764418898825,-1.0776484091014,1,-1
3,1.84119097641278,-0.581637811004002,1,-1
3,-1.19144948665616,0.777541308888631,0,-1
3,-1.02683295151082,-0.665467739856064,0,-1
3,-0.475146528564906,-0.444696981293675,0,-1
3,-0.378196430194341,-0.164076514783796,2,-1
3,0.400300729924196,1.35031771207656,0,-1
3,-1.24422337755124,-1.49068263946731,0,-1
3,-1.49004331211189,-1.61532598880348,0,-1
3,-1.00506468606652,0.2477012810216,0,-1
3,0.332350672078705,-0.649673704238408,0,-1
3,1.74963891220344,0.118429367613376,1,-1
3,-0.26232176158663,-0.395222185887751,1,-1
3,2.09793106616122,1.60212953130847,0,-1
3,-0.578564131216625,-1.45419173253907,1,-1
3,0.583824270147658,-0.22968135121989,0,-1
3,0.346211952334005,-1.12057906936209,1,-1
3,0.266692879916281,1.12160849281367,1,-1
3,-0.0468356882566532,-0.973671394046475,0,-1
3,-0.140740260353699,-0.66616922960938,0,-1
3,-1.22666482503209,-0.0218746135126151,2,-1
3,-1.79055603824964,-1.48214685582554,0,-1
3,-0.00311164240287186,0.320084692203179,3,-1
3,0.974911360540712,0.98743879584641,2,-1
3,-0.39885927885876,-0.218674137370629,0,-1
3,0.406083856452807,0.905951310957529,0,-1
3,0.495208210913395,0.597865672411039,1,-1
3,0.773486409106093,-0.61306373682101,0,-1
3,-1.01629247477543,-0.0270177318056785,0,-1
3,2.49873935600521,0.791628865212454,0,-1
3,-1.38978047866683,-0.32193988419014,0,-1
3,-0.145173064120095,2.21324344530103,1,-1
3,0.316017340210385,0.456595366103753,1,-1
3,0.999365126889715,-0.0170929311496432,2,-1
3,-0.137407547835232,0.149996331537065,0,-1
3,0.641441914208296,0.440253717862535,0,-1
3,-1.09774034058031,0.888856204081432,0,-1
3,0.490668528407926,0.702419371207111,1,-1
3,0.469972592255161,1.50769809949615,1,-1
3,-0.352128796773715,0.960118399688582,1,-1
3,-0.0172423517364467,-0.414286183269785,0,-1
3,2.07048740674569,0.329895088997785,1,-1
3,1.10096030013061,-0.0286205633986164,0,-1
3,-0.174990770669461,-0.447444348741624,0,-1
3,0.52633974071916,-0.624354046129112,1,-1
3,-0.747812113537806,0.572875445757147,0,-1
3,0.514433730322452,1.64701294354583,1,-1
3,0.112869485580341,-0.218258130783457,0,-1
3,-1.75631693657654,0.442085367061728,1,-1
3,1.00797895801679,1.45735029734328,0,-1
3,0.145626114792787,0.294660765305927,0,-1
3,-0.56632578207121,-0.154109874179653,0,-1
3,-2.65546767778026,-1.2624518509299,1,-1
3,-0.874247549597089,-1.09052542379665,0,-1
3,0.195855483506369,1.64226149069315,0,-1
3,0.615341313581833,-1.38482889774335,0,-1
3,0.362557703204012,0.698831737605071,0,-1
3,0.0988822944957234,0.107949272888595,1,-1
3,0.371604538489412,-1.27544247602951,0,-1
3,0.152316936222177,-0.919323918057407,0,-1
3,-0.123001832037216,-0.781730898241702,1,-1
3,1.61362348270202,2.11546224231035,1,-1
3,-1.25129330412702,2.57701372560495,1,-1
4,0.931812149905234,0.236613565465333,0,-1
4,-1.38443524542263,-1.9704494434693,0,-1
4,-0.856334725412213,-1.63716082962461,0,-1
4,0.0565700058955191,-0.976878850161953,0,-1
4,-2.56323238689533,0.131658608967615,0,-1
4,1.43234030300563,1.34019857528178,1,-1
4,0.634769965387109,0.760864848348243,1,-1
4,-2.63226784499858,-0.964719524082531,0,-1
4,-1.18012325599694,-0.0174395660094358,0,-1
4,-0.415263743847825,-1.13699749460322,0,-1
4,1.34245023538409,-0.367155997392733,1,-1
4,0.858324838071788,1.19899551142099,1,-1
4,0.257925866480829,-0.854755065955126,0,-1
4,1.02559565296105,0.031056918222708,0,-1
4,-1.96546602531892,-1.26982894776652,1,-1
4,-0.707833558455943,0.80342078426933,0,-1
4,0.422506699330546,-0.447949435853407,0,-1
4,0.0112012585362712,0.234437674130438,0,-1
4,-1.2899575168578,-1.11060332659672,0,-1
4,0.836012086788707,-1.38161191662116,0,-1
4,0.44887127685493,-1.79348145515353,0,-1
4,-1.62383196970786,0.13419636155571,0,-1
4,1.34682913429755,0.831079113129779,0,-1
4,0.13254741681636,-0.531027246954308,0,-1
4,2.00104240576039,0.823687584223522,0,-1
4,1.47905602747403,0.647765377030327,2,-1
4,-0.608694439501618,2.10413627176813,0,-1
4,-1.41000468791603,0.609460741537605,0,-1
4,0.567532223259474,-0.363938585860892,0,-1
4,-1.12070262083219,0.157135988231688,0,-1
4,1.51661366814132,2.84952475764754,2,-1
4,-0.830161116059201,0.244494441389589,1,-1
4,-0.793498176050515,-0.322468744286589,0,-1
4,0.332338934888956,0.406434069977597,0,-1
4,0.698175299089166,-0.78384626393407,0,-1
4,-0.214288681505153,-0.279319107572091,0,-1
4,-0.633114730106146,0.642395864724841,0,-1
4,-0.107698041439018,-0.338982206294275,1,-1
4,0.972131409398821,0.342423845882463,0,-1
4,0.148755694301056,0.598197310652206,0,-1
4,1.22919561891676,1.42814505682665,1,-1
4,-1.3088465393874,1.02378806652261,0,-1
4,-0.20106721710016,0.354387297154875,0,-1
4,0.540291509913436,1.97272188886228,0,-1
4,-1.51854273655979,1.38667046194446,0,-1
4,-1.44170664239597,1.21732622156423,1,-1
4,-1.12636987183954,-1.07293704992481,0,-1
4,0.314414297410682,0.159639102321519,0,-1
4,-0.898036804077447,2.02936064282276,0,-1
4,0.461315678534247,-0.044913096222038,0,-1
4,-2.06759625657638,1.32667654173641,0,-1
4,0.276050674798963,-0.425861451095431,0,-1
4,-0.969484132003248,0.0375937123477048,0,-1
4,-1.05102831482664,0.73557398533151,1,-1
4,-0.987704207735171,-0.259015821590914,0,-1
4,0.983888029198902,0.313556400651405,0,-1
4,0.303063072908151,1.47330548722302,0,-1
4,-0.196340453827817,1.04470092217742,1,-1
4,0.35166714018432,1.01516799241145,2,-1
4,-0.994080337906799,-2.33010528718968,0,-1
4,-0.0647472088244969,0.258891171624185,1,-1
4,-0.765505602492361,-0.0893382438159305,0,-1
4,-0.477068876708089,0.907707276913669,0,-1
4,0.542386050646101,-0.128892973820806,1,-1
4,-1.36568202448668,0.319911303842169,0,-1
4,0.259456850651573,0.0830996288544259,0,-1
4,0.777827707034724,0.617079503698452,1,-1
4,0.19494365317196,0.214715222942065,0,-1
4,1.32010858792814,0.0445098640723247,0,-1
4,-0.49454968884236,0.91853339119912,0,-1
4,0.337610786995472,1.09145309876756,2,-1
4,0.861674982043848,1.5878100445316,0,-1
4,-0.0927488183254222,-0.597760350499082,0,-1
4,-1.37342806009788,-0.959206551282108,0,-1
4,0.892440791592077,0.147591757233474,0,-1
4,0.436827331687903,-0.300705655905304,1,-1
4,-1.05749605541013,0.611797256162363,0,-1
4,-1.58519664521367,-1.21411669405731,0,-1
4,-0.0221384414754905,0.216985277832371,0,-1
4,-0.34261585997682,0.310470985007641,2,-1
4,-0.91439731617538,-1.31156086875618,0,-1
4,1.10593699946793,2.62282267734802,4,-1
4,0.258685873713107,-0.20926216737165,0,-1
4,-0.325905477040825,-0.71673291112363,0,-1
4,-0.683177426790284,-0.802693509655261,0,-1
4,-0.946607796374363,0.839697087191563,1,-1
4,0.387196822428182,-0.78340737790009,0,-1
4,0.103947670215785,0.864971974527435,0,-1
4,1.00182895389843,1.1335373780388,1,-1
4,0.552986769796721,-1.12784301474922,0,-1
4,0.310360444840217,-1.7211579742691,0,-1
4,0.405865366338222,0.936294953461053,0,-1
4,0.628056209549821,-0.747406221711788,0,-1
4,1.23843755155139,1.56154554478643,0,-1
4,1.06494448487375,0.701481013244896,0,-1
4,-1.12729927173156,0.660210104963285,0,-1
4,0.171145712521359,0.710048103542339,0,-1
4,-0.44783876946927,-1.87468323769725,0,-1
4,1.55033622194325,0.270466111887945,1,-1
5,-0.833082626791784,-0.899123500848042,0,-1
5,-0.451246988211765,0.98373365306834,0,-1
5,0.210021184224931,-0.156280558096111,0,-1
5,-1.06757080443338,-0.469736759718049,0,-1
5,0.40512947546818,-0.0300986754769765,0,-1
5,-0.292886977889345,0.42464877249391,0,-1
5,0.485216217265626,-0.11414103529821,0,-1
5,-0.7431054948536,-1.18276090121323,1,-1
5,-0.436471708754281,0.00986562754806003,1,-1
5,1.50396536731019,1.02881410537915,1,-1
5,-0.155136365802577,-0.219163819741197,0,-1
5,1.11819202764901,0.0485492301274405,0,-1
5,1.04113755382611,-0.618697479975146,1,-1
5,-0.340570529570344,1.13132901744612,1,-1
5,0.0775243130705715,-0.0432873501433594,1,-1
5,1.0352019124733,0.260393985988134,0,-1
5,0.835884101410798,-0.132815739681219,1,-1
5,-0.799840859405481,-1.27389359317809,0,-1
5,1.17252381434693,1.13632629738488,0,-1
5,-1.00383770722123,-0.652521903546403,0,-1
5,-1.1241009088781,-0.118466619481178,0,-1
5,-1.27604569263312,-0.608240565086513,0,-1
5,-1.55044328791984,0.356685327870633,0,-1
5,0.69791640601211,0.351296217130823,1,-1
5,-1.28430445592269,-1.71219328903648,0,-1
5,-1.25387045208331,-1.21663420607453,1,-1
5,1.01972664487229,0.388697465022956,1,-1
5,-0.41757939847282,-2.58265905744029,0,-1
5,-0.144852628326978,-1.8394532729754,0,-1
5,0.980099296147199,-0.128166536588015,1,-1
5,0.760577892527015,0.332528007848024,0,-1
5,0.171378663364759,-2.200609933771,0,-1
5,-0.134832711550321,0.246299485734448,1,-1
5,0.690868101917656,0.203622211955829,0,-1
5,-0.444021064276267,-1.28541745393425,0,-1
5,0.384039602848087,1.40103113458305,0,-1
5,0.319658673082934,0.419696401303273,1,-1
5,1.77683469214581,1.84022739822303,1,-1
5,1.34033439920038,3.1128369662738,1,-1
5,0.642522586858003,1.93734499797138,0,-1
5,-0.986497557513362,-1.22470856091998,1,-1
5,0.768896868671303,-0.300031904298647,1,-1
5,-1.07393502867394,-1.00050007185324,0,-1
5,0.707438738903301,0.128969296626896,0,-1
5,0.8128911803913,1.09734966834419,0,-1
5,1.37375233741056,-0.223013596626737,0,-1
5,0.492546964906563,1.61447923064733,0,-1
5,-0.167352600432805,-0.568095654348198,0,-1
5,1.07186521748053,1.07251777594689,1,-1
5,0.448883821872951,-0.0558522901636417,0,-1
5,1.56498275273584,1.87591002300731,0,-1
5,-1.22484460133153,0.874107705815848,0,-1
5,-0.55240977960129,0.10174275017232,0,-1
5,0.619748637857193,-0.355851101316327,1,-1
5,-1.14430164163087,0.492229169579969,0,-1
5,0.0425572362283576,1.99467887966838,0,-1
5,-0.784950047897939,1.83100875915113,1,-1
5,-0.973144414552088,-1.47602445368589,0,-1
5,-2.59195086727506,-0.41853137773696,0,-1
5,-1.48888772282357,0.366887978737549,1,-1
5,-0.351437739953102,1.35321280447895,0,-1
5,-2.68805959917931,-2.28584309884437,0,-1
5,0.804851480052215,0.0263383941815528,0,-1
5,1.00952983218394,0.704907944400394,1,-1
5,-0.537475753216045,-1.25551790254972,0,-1
5,0.24674588462394,1.48784388883787,0,-1
5,0.970506114313435,-0.0944328938566885,0,-1
5,0.350993759553954,0.913201935353979,1,-1
5,0.183744880994411,-1.16435990537143,0,-1
5,-1.23538893381576,-0.536848649012375,0,-1
5,-0.401721740743418,-0.0700711268126407,0,-1
5,-1.65133221133093,-0.140605596858148,1,-1
5,1.02806438453212,0.382413978273086,0,-1
5,-1.63586974392202,-0.425063652632402,0,-1
5,0.27322325320102,0.569295199885724,0,-1
5,0.521949045808344,-1.00509183079238,1,-1
5,-1.33187005516988,1.08194417553182,0,-1
5,0.197972072083925,-0.565348038152652,0,-1
5,-0.382164958730944,-0.0737944836514395,0,-1
5,0.127316661969257,-0.829534925125456,1,-1
5,-1.02224208174637,-0.0380773971518792,1,-1
5,0.667255388178871,-0.484713558477985,0,-1
5,0.470218407493923,0.884284429564434,1,-1
5,0.676082188868629,1.36453447769546,0,-1
5,0.126900185399266,-1.27640168674232,0,-1
5,0.233079073222814,-1.09430830676467,0,-1
5,-3.00557996440331,-1.04709921438408,0,-1
5,1.22216004208991,-0.248778920424241,0,-1
5,0.509650952629801,-0.756757446314165,0,-1
5,0.444536124903352,-0.148095110401296,0,-1
5,0.328900074761131,-1.6246167195381,0,-1
5,0.301984551952977,-1.03616498672909,0,-1
5,1.74838864479014,0.300813845258315,3,-1
5,0.957144819026079,1.76241814631221,1,-1
6,-0.725680848425703,1.42657296249489,0,-1
6,-0.514490844008122,-1.05425408498234,0,-1
6,0.704745961632936,-0.77733112868686,0,-1
6,-0.0966920187463076,0.482953746790294,0,-1
6,-1.32798271681695,-0.154407607066358,1,-1
6,1.27620594890814,-0.722225650144412,0,-1
6,-0.954176890773529,-0.0144104604137354,0,-1
6,-0.182706353383237,0.634900508222792,1,-1
6,0.963609673378509,1.36545484659862,0,-1
6,-1.39411069391256,-2.38335955335925,0,-1
6,-1.36352815478885,-0.852025220110242,0,-1
6,0.178644317547909,0.956102839305565,1,-1
6,-0.556806317420505,0.687169700200366,1,-1
6,0.415084773669981,-1.39834506898116,0,-1
6,0.460942089913251,1.1600022761368,0,-1
6,0.864005010509849,0.662692024994144,0,-1
6,2.10804431751523,2.38614606931247,0,-1
6,1.14427148265626,1.27774587290513,0,-1
6,-0.368071849570801,-0.935558823582103,0,-1
6,-0.0612975123361078,1.3341251999247,1,-1
6,-1.11012817491881,-0.333290987743009,0,-1
6,0.31604043290764,-0.452449401382042,0,-1
6,-2.0069187194754,0.442902037061106,0,-1
6,0.751050767923768,0.389505545337485,1,-1
6,1.18085016396709,0.717214729597285,1,-1
6,-1.14934139423625,0.237191198931618,0,-1
6,-1.25919172467777,-0.765227430230575,0,-1
6,-0.999824835743583,-1.20966915926743,0,-1
6,0.738722018943798,-0.822528699302932,0,-1
6,-0.568439487396082,1.45055123264241,0,-1
6,2.44640242766337,0.397312285219739,0,-1
6,0.192881614006999,0.690913528785333,2,-1
6,-0.396573096411724,-1.12429315058305,0,-1
6,-1.10904340938856,-0.5780997984483,0,-1
6,-0.513228483630701,0.199187775426969,0,-1
6,0.77998285618145,0.12096866339972,0,-1
6,0.465132284914228,0.257654271362252,2,-1
6,0.306716584010249,-0.0938506071027252,0,-1
6,-1.16757137932166,0.582171917447189,0,-1
6,-0.788625664347058,-0.28146491119349,0,-1
6,0.990151171922504,0.892382219709892,0,-1
6,-0.446817277186427,0.475952747227489,2,-1
6,-0.258893896525611,0.503872116998313,1,-1
6,-0.902179633333828,0.618880405439462,0,-1
6,1.07730677997767,0.105995727388001,1,-1
6,-0.135558097186469,-0.452165411426808,0,-1
6,-1.80214179986276,-1.40095702815809,0,-1
6,0.244632936410232,1.73382836912591,0,-1
6,0.884429631703676,0.637892892510302,0,-1
6,-0.499789316810669,1.12332229559658,0,-1
6,-0.82537296354417,-0.198183596003521,0,-1
6,-0.0408163482558345,-1.35921210304403,1,-1
6,-0.098291444164507,0.616397404969308,0,-1
6,-1.16856204129269,-1.02869500490321,0,-1
6,-0.00702018112719294,-1.03413554713245,1,-1
6,0.418021032147566,1.93385105578631,1,-1
6,1.32431371928255,0.746590075499404,2,-1
6,-0.0675469511553915,-0.414718118946456,1,-1
6,0.0351694062232307,-0.469850205273423,1,-1
6,-0.25896951182411,-0.0860531245743545,1,-1
6,1.21007088632152,0.332576895581776,1,-1
6,0.179826897494788,2.39728605922279,0,-1
6,0.326661121547752,-0.447774690915518,0,-1
6,1.07060702318387,0.162097525898383,0,-1
6,1.41631865099444,1.17460541672963,0,-1
6,0.236974545561562,-1.81818025510178,0,-1
6,-2.08555924894302,-1.1520881134922,0,-1
6,1.24775778951244,-0.0448274928079289,1,-1
6,0.195547067725923,-2.18600170586622,0,-1
6,-0.993861515819625,-0.564560363336807,0,-1
6,0.14330002024441,0.695946396288844,0,-1
6,2.09652199175172,0.992858627085314,2,-1
6,-0.685769249476768,1.21321120360528,0,-1
6,-0.946374926780276,0.852601309219259,1,-1
6,-0.435914420218896,-0.156979823699723,1,-1
6,0.747614905199513,2.48052493566806,1,-1
6,-0.739870375548019,0.55761672276239,1,-1
6,-0.571097686454823,-0.716213099553565,0,-1
6,-1.04319299793564,-1.05221050181966,0,-1
6,-0.582827164217083,-0.590004740886987,0,-1
6,0.493357161001766,0.37918437039343,0,-1
6,1.57843167693821,0.60470589672893,0,-1
6,-0.428300235690972,1.04988528195366,1,-1
6,-1.29825660844546,-0.161791036905227,0,-1
6,-1.45294518493994,1.44460243547555,0,-1
6,0.431098648643894,0.229750248133412,1,-1
6,-0.63738571214887,-0.553898554553837,1,-1
6,0.963078126112871,0.864133305048437,0,-1
6,-0.539042118605242,-0.00923939736001722,0,-1
6,0.0567509439264641,0.504825296411635,0,-1
6,-0.547650836210293,-1.73543071128036,0,-1
6,1.14608349344402,-1.2951268652101,0,-1
6,0.475086887363652,-1.14722794717166,0,-1
6,-0.293160724980149,1.58490064603423,1,-1
6,0.61220863244231,-0.165034570613013,2,-1
6,-0.608838492783182,1.25213063871262,0,-1
6,0.421843251553371,2.50537752300006,2,-1
6,0.0425352841911341,-1.86975915772952,0,-1
7,-1.10532940410013,0.655462970504402,0,-1
7,0.662938797453467,0.32478847027906,0,-1
7,0.39530025243945,0.0804062382071585,0,-1
7,-0.325682263441845,-1.13624503968175,0,-1
7,-0.354065585538528,-1.40970612976164,0,-1
7,0.863150460504806,-0.141420307893725,0,-1
7,-0.931105512225376,-0.61687610097548,0,-1
7,0.673036738763312,1.09115667920905,1,-1
7,1.25256897321538,0.0324367244360681,1,-1
7,-0.881168997160198,0.9028985991583,1,-1
7,1.47354079007603,0.327223358048858,0,-1
7,0.758441955442475,0.892741690883065,1,-1
7,-0.552460939352675,-0.831762554097458,3,-1
7,-0.514031233972955,0.2164726815268,0,-1
7,-0.168268995164709,0.340217378815093,0,-1
7,0.414405373468919,-0.699112739406418,0,-1
7,0.0600087542717438,1.50987373556871,0,-1
7,-0.13791965324555,1.52393561210804,0,-1
7,-0.815488013078247,-0.0749043244239416,0,-1
7,-0.990819455682912,-0.867684457457843,0,-1
7,0.653698045539218,1.58627867165012,1,-1
7,-0.722782460530406,0.0173552895209703,0,-1
7,-0.906512026597707,-1.09011622449513,0,-1
7,0.951594043974415,2.19831656942769,0,-1
7,1.18069063656322,-0.39399415186499,3,-1
7,1.26934076426231,1.05597297193858,0,-1
7,0.469409655148568,-0.518012963788481,0,-1
7,0.545217111553699,-0.862691747624287,0,-1
7,-1.99431074405938,0.428669909275702,0,-1
7,1.2568566467474,0.266770145082855,0,-1
7,2.37647300859717,0.233482387857273,1,-1
7,0.413112876670808,0.309677908761868,0,-1
7,1.36998324614401,-0.775935071467373,0,-1
7,-0.52752637896651,-1.05721407772287,1,-1
7,0.663164083567487,0.998459564647215,1,-1
7,0.0122683736682066,0.830080974905366,0,-1
7,0.564265180713096,1.57404627512455,1,-1
7,-0.0236616112707542,-2.01349516723871,0,-1
7,-0.0217986753784897,0.241882407878112,0,-1
7,-0.894980418154608,0.243623339568706,2,-1
7,0.32935310879375,-1.11550664163121,0,-1
7,-1.37091604639127,-0.767551743200856,0,-1
7,-0.338276709356405,0.278514672252561,0,-1
7,-0.458873626338643,-0.345231115167595,0,-1
7,-0.566079201612738,1.1851239702756,0,-1
7,0.176609603013996,0.585970223393842,0,-1
7,-1.61766982918433,-0.628301619731331,1,-1
7,-0.520120403616186,-0.717101551504832,1,-1
7,0.0256275046777038,1.89827258425431,3,-1
7,-0.859027005856178,0.216905531995567,0,-1
7,-0.756790977729072,0.614743553625689,0,-1
7,0.294227131528908,-1.0377108820635,0,-1
7,0.417807568966467,1.22146921899648,0,-1
7,1.66071061132892,-0.294428470993039,0,-1
7,-0.47752174646413,-0.948218133566646,1,-1
7,0.59966707625847,0.263423723447279,0,-1
7,-1.00043894881491,-1.44984715050499,1,-1
7,1.68743777514979,1.27477735478281,1,-1
7,1.36122585191695,-1.70048824447554,0,-1
7,-0.509482021284881,-1.17718057994929,0,-1
7,0.346340876327371,-2.70096349582242,0,-1
7,0.687833680999261,-1.32593764264967,0,-1
7,1.12867055614566,0.0963388759928127,2,-1
7,-0.952313765739958,-1.41340221955823,0,-1
7,1.12077170547425,1.04187556502483,1,-1
7,-0.671399167646722,-0.899513284329096,0,-1
7,-0.509082751441989,-1.15008298439543,0,-1
7,1.22767601594101,-0.16276922131619,0,-1
7,-1.34676915257518,-0.614120466498701,0,-1
7,1.38463851791929,0.242747186586819,1,-1
7,1.21986735317226,-0.641864135712969,2,-1
7,-1.07835089835238,2.04117637428948,2,-1
7,-0.0789665007179519,-0.234029006173227,0,-1
7,0.243480288299937,-0.148645795056741,0,-1
7,1.00217535271232,-1.71876104177795,0,-1
7,-0.981287756987627,-0.27080494524343,2,-1
7,0.822555994205702,0.808706554872077,2,-1
7,1.99691984703981,0.900707157849425,0,-1
7,1.01334165712948,-0.675262196948009,0,-1
7,1.45204905640943,-2.05363611584028,0,-1
7,-0.216685241012602,0.333912052981954,1,-1
7,0.547662193678431,-0.512709506377187,0,-1
7,-1.09389993249333,-0.723978471285158,0,-1
7,0.705715996676437,-2.68502577788516,0,-1
7,0.0431117658824892,-0.538173308540169,0,-1
7,-0.0378011971722636,0.372238095301583,0,-1
7,1.00219813486322,-0.0487612668239253,0,-1
7,-0.451121551251445,-0.369649598263014,0,-1
7,0.258359783612213,-1.01238903896367,0,-1
7,0.758005396816217,-0.945153563406151,1,-1
7,0.341190075807939,1.02847735282801,0,-1
7,0.706909567426359,-0.584121312365928,1,-1
7,1.60801109595892,-0.424975402351084,0,-1
8,1.25102931253105,0.587274798484294,0,-1
8,1.21581134508975,-0.265001751815471,2,-1
8,1.33713745266657,0.714431762278805,0,-1
8,0.194987206233984,0.231772646370794,0,-1
8,1.96398383115706,1.60210448596464,1,-1
8,-0.899468447842837,1.14284257973178,1,-1
8,0.0536614660526899,1.0566792537505,1,-1
8,0.177215774311035,-1.47546235579957,1,-1
8,0.0357454025051867,-1.7572356088867,1,-1
8,1.48798331819501,0.192911405546452,1,-1
8,-1.03315837073971,1.46613068548963,0,-1
8,-1.50756005965278,-0.591090940211509,0,-1
8,-0.505910810174165,0.790282646296577,0,-1
8,0.175276693542733,-0.213120082193724,0,-1
8,-0.270860203911651,1.21382217656669,0,-1
8,1.48415594981241,-1.26276576290059,0,-1
8,0.546074819203215,-0.531770956215914,1,-1
8,-0.701004419465835,1.70118986162034,0,-1
8,0.226233572050464,-0.927778296729379,0,-1
8,-0.10178250748547,0.831473589775917,1,-1
8,1.26558599382729,0.372715247408424,0,-1
8,1.34772347980108,0.640518254833124,0,-1
8,0.217209543434555,0.16364537590359,0,-1
8,1.10687424195061,0.910145328839129,0,-1
8,-0.559588414475845,0.0331882895383667,0,-1
8,-0.611726992593313,-1.0288558137823,0,-1
8,-1.31028807819584,-1.04350589062132,0,-1
8,0.194684568163807,-0.584135624649542,1,-1
8,-0.913340627452945,0.539144873417705,0,-1
8,-0.87991680284679,-1.24373455681837,0,-1
8,0.760445103421272,-0.0808309297272665,2,-1
8,-1.26935723024617,-1.89194745057828,0,-1
8,1.35725136464305,1.54751464998328,2,-1
8,-0.0975605555484566,-2.10116981493485,1,-1
8,-2.2959565358615,-1.8244808534797,0,-1
8,-1.0189173005204,0.112839171349465,0,-1
8,-1.1618029602304,0.473686931824762,0,-1
8,0.823682820791341,-0.468286151018207,0,-1
8,0.981498719899246,-0.442587266847088,0,-1
8,1.60574894569467,1.62013459117274,0,-1
8,-0.0796865440762416,0.409787601167213,0,-1
8,-0.330812906354317,2.27199352611293,0,-1
8,-0.283426227760808,-1.80258196511825,1,-1
8,1.30686031631985,-0.788531128471831,1,-1
8,-0.814445718803025,-0.423117115272019,0,-1
8,0.921343409998878,0.908328080424022,0,-1
8,-1.51465831982153,0.308193079451501,0,-1
8,-0.814620069375123,-0.0850273868393866,1,-1
8,-0.997192692839662,0.718676154839605,0,-1
8,-0.430223124307973,-1.42833876288794,1,-1
8,-1.11111485849513,-0.416074224567744,0,-1
8,0.46060421002562,0.439998644428081,0,-1
8,1.62082083680333,0.154451264763384,2,-1
8,1.07391032972605,-2.27721584420704,1,-1
8,0.285199794427094,-0.5245730674061,0,-1
8,-2.04847067951399,0.0972750300886125,0,-1
8,-0.192003856552776,0.973421705144195,1,-1
8,0.519515993613724,0.0299968789189917,0,-1
8,-0.193079315414484,-0.549066201090099,1,-1
8,-1.33674344733445,-0.302531430621469,0,-1
8,-0.684073636973663,1.85800374814649,0,-1
8,0.646891692815992,0.666538500893608,1,-1
8,-0.351012432555095,-1.66927284796018,0,-1
8,-0.0741302979848831,-1.11810221342028,0,-1
8,-0.992212048444886,0.603641032436435,0,-1
8,-0.487246740711253,-1.11628186643085,0,-1
8,-0.888568406301714,1.34525505607538,0,-1
8,1.50077250557784,-0.771400618339777,0,-1
8,-1.09836570311669,-1.4974995316827,0,-1
8,-0.543935058958137,-0.598970864810736,1,-1
8,1.52692823155807,0.578401837969071,2,-1
8,1.08468588692355,0.697695218180117,1,-1
8,-2.27296266035325,0.278416765143115,0,-1
8,0.743840217877543,-0.83242465994683,1,-1
8,0.571145604164518,0.127333415666361,1,-1
8,1.15669766245754,-0.903905015542814,0,-1
8,-0.76068770937234,-0.468705251664151,0,-1
8,0.543584533627344,-0.286147891412303,0,-1
8,-0.651487337203655,0.161689386767991,0,-1
8,0.0793702637812544,-1.119568626891,0,-1
8,0.978639081300256,-1.5923019192847,2,-1
8,0.56750580152223,1.85981789784617,0,-1
8,1.75641077972567,0.602692852218501,2,-1
8,1.33928074966337,1.15751707586011,0,-1
8,-0.28226704947845,-0.428812805532978,0,-1
8,1.14106957894321,1.28162129368761,1,-1
8,-0.240944980852726,-1.21076854825394,1,-1
8,0.183735880069182,-0.349127259351313,0,-1
8,0.837375832146257,0.0157949383397916,1,-1
8,-0.106857043965749,-1.61188150932213,1,-1
8,-3.03060596242782,0.18071953791419,0,-1
8,-0.494743647920005,0.323896022072819,0,-1
8,-0.0395012957750044,0.374126508923838,0,-1
8,0.848530412283703,-0.334702915560968,0,-1
8,-0.349271726673516,-1.09290926113655,0,-1
8,-1.7047584362402,-1.10425817164219,0,-1
8,-1.04120114812699,-1.39568332826169,0,-1
8,1.06019142051187,1.32884487082705,0,-1
8,0.864735812176177,-0.718525643678533,0,-1
9,-0.0368274892836821,1.37668574358408,0,-1
9,-0.263579669666916,-1.5256744971684,1,-1
9,-0.137900554273814,-0.0587649541342852,0,-1
9,0.720890731254534,-1.66004580057953,0,-1
9,1.12444650204837,-0.386423056376047,0,-1
9,0.199427877318849,0.277017560956533,0,-1
9,0.0200965867269291,0.155279781610119,1,-1
9,-1.42455586385061,0.296601617607953,0,-1
9,0.16918256154425,-1.17572391923154,0,-1
9,1.17312410731417,2.58083341651044,1,-1
9,-0.783075983466142,-0.709026478253501,1,-1
9,1.23541215621138,0.720565035888456,2,-1
9,-0.503349868547512,0.109117347799261,1,-1
9,0.167572057336045,0.472009101561178,0,-1
9,-0.337648279185048,-1.92179007817932,0,-1
9,1.37247437795719,0.816377529462561,0,-1
9,1.16700271458003,0.612357219726209,2,-1
9,-0.619668102970394,-0.242014284409039,1,-1
9,0.446792011383719,-0.439283672504589,0,-1
9,0.463540133929063,1.41686459658645,0,-1
9,-2.4136197413857,0.595812773650467,0,-1
9,0.203363634756796,0.148574289270204,0,-1
9,-0.684214740349967,0.741623397045308,0,-1
9,0.15376548824612,1.41179689912604,2,-1
9,-0.264538422317081,-0.4635274069296,0,-1
9,0.242134389731392,0.679126166664265,2,-1
9,1.31539078203285,-1.17240958986679,0,-1
9,-1.94148109885847,-2.00177421009833,0,-1
9,-0.886366319080993,-0.541040581296808,0,-1
9,0.195162601058287,0.0467662583863079,0,-1
9,-0.316637089861905,0.799240511156953,0,-1
9,-0.671557166928745,0.786085140127326,0,-1
9,-0.522253607261861,0.0567545934227151,1,-1
9,-2.31959408300823,-1.69385466043884,0,-1
9,-0.574647771116255,-0.74668467489077,0,-1
9,0.660199894299534,0.420126490320957,0,-1
9,0.398680633609577,0.732614191252769,0,-1
9,0.607936981686818,-0.75201039862382,0,-1
9,0.924377591662667,0.342412554268692,1,-1
9,0.424511456443079,-0.787577430312556,1,-1
9,0.904212953294216,1.18052578214992,0,-1
9,0.0200892950141078,0.816542284698473,1,-1
9,0.552483275327479,-0.161603821250993,0,-1
9,-0.694004069273723,0.710621785273682,1,-1
9,-0.190720825786735,-0.0926617858397148,0,-1
9,-0.715011785835963,-0.809665389337954,0,-1
9,-1.49355913223405,-0.995818996569476,0,-1
9,-0.899035777887925,0.096102714709616,0,-1
9,0.0862791593842937,-0.0147870826872913,0,-1
9,0.458533395311548,0.494117571209766,0,-1
9,0.218097841895732,0.907800393188061,1,-1
9,-1.17228424237173,-1.17280108121621,0,-1
9,0.774569890047503,0.643954011280486,0,-1
9,0.117368607693793,-0.793685207534501,0,-1
9,2.32506343141451,0.562381582496062,1,-1
9,0.458128415825547,-0.00339505468928296,1,-1
9,0.745238394256504,-0.93443375845265,0,-1
9,0.372715269575962,-0.198813843673012,0,-1
9,-1.72850764770434,-1.38167528927299,0,-1
9,0.00565766001363653,-0.139155297046053,0,-1
9,-1.5463122577484,-0.42043515738396,0,-1
9,-1.10298197237427,-0.556932520891674,0,-1
9,0.200750354216007,0.98860052093502,0,-1
9,0.774445977823077,-0.121760351403784,0,-1
9,-0.046639943922026,0.357968149513298,0,-1
9,-1.34820529242106,-0.499607866207327,0,-1
9,-0.779969641722563,-0.192618195749708,0,-1
9,-0.0341501486039992,0.379141633632187,1,-1
9,-0.287723070387488,0.210901868664566,0,-1
9,0.818306355923584,1.01173313135892,0,-1
9,1.73655212065757,0.593488040243773,0,-1
9,0.0344542205661698,-0.734563332569676,0,-1
9,0.157498754138208,-0.591094729358752,0,-1
9,2.48354740468917,0.820530325346215,1,-1
9,-1.70847498554163,-2.60086641976656,1,-1
9,0.550479803865952,0.324978925026201,1,-1
9,0.443234019873875,0.92529522133036,0,-1
9,0.484872925792999,1.10889254792775,0,-1
9,0.421066686961558,-0.0556509194739911,0,-1
9,-1.30855270428248,1.60661385931661,2,-1
9,-0.380371204963587,1.44032901564468,0,-1
9,0.901286374455948,-0.613978541258152,1,-1
9,-0.246339062086427,-0.86275229397736,1,-1
9,-0.811191668670276,0.479010361736698,0,-1
9,1.68954226430946,-0.217801215269706,0,-1
9,-0.882165647084738,-1.24732533884966,0,-1
9,-0.473284313065712,-1.23673065097194,0,-1
9,0.150401892746665,-0.869233028483059,0,-1
9,-1.08982918410221,0.193888825076651,1,-1
9,0.408756733379053,-1.72937339217216,0,-1
9,1.27402928136197,0.235086077140266,0,-1
9,-0.831846277061672,-0.334995678506766,1,-1
9,-1.39355488395709,1.42223221571808,0,-1
9,0.480372842475581,1.071453123194,0,-1
9,-0.131880155771531,-0.0143821906115958,0,-1
10,-1.78518472381269,-0.0944675597498189,0,-1
10,2.73853924783847,1.08354615308693,0,-1
10,-0.794866069111674,-0.446993400551818,0,-1
10,0.144308958324141,0.266542262662899,0,-1
10,0.0249686372162177,-0.931776554802054,0,-1
10,2.16117827261691,0.761395479014175,0,-1
10,0.810692757648699,0.232234259342295,0,-1
10,0.654861365419583,-0.956909022938703,0,-1
10,0.430884378134809,-1.27503578247659,0,-1
10,-0.380014337749538,1.21043490966504,0,-1
10,-0.520975779817876,-1.6312664784521,0,-1
10,0.470158883131522,0.738266000398258,0,-1
10,-0.510196520192292,0.219499259674925,0,-1
10,0.637445890255546,-0.362897061823431,1,-1
10,0.0938878056166336,1.59603250772801,0,-1
10,-0.600992422556069,1.2312177944821,0,-1
10,0.309867294542153,0.820640184288487,0,-1
10,-1.13460385346167,0.0963043120914314,0,-1
10,-2.43826559257604,-0.821781900613164,0,-1
10,-0.75988683179517,-0.964516810291932,0,-1
10,-1.0193120101248,-0.560316333943558,2,-1
10,1.52129206985942,-0.548270038448566,0,-1
10,0.0777100710337521,0.115918696416973,0,-1
10,0.317144826547272,0.97735850045209,0,-1
10,-1.39684004743139,-0.522876859380881,1,-1
10,-0.0511991369575912,2.58847958486056,0,-1
10,0.609317329514341,1.9101814557925,3,-1
10,-0.863333004288312,-0.875554737725996,0,-1
10,-0.10349132285842,0.507011269945913,0,-1
10,0.334670966190768,0.961385211546798,0,-1
10,-1.49868912321611,0.582344105102242,0,-1
10,0.18728993219729,-2.22306414444968,1,-1
10,-0.184908889320073,0.146339565355658,0,-1
10,0.116454323562583,0.130467154714554,0,-1
10,-0.675167922898909,0.241286244322716,0,-1
10,-0.0962595069909341,-0.746703629653837,1,-1
10,-0.87816171732471,1.30043706973866,1,-1
10,-0.098882118914617,-0.184810369769504,1,-1
10,2.22322328063174,1.75389205905682,0,-1
10,-1.0787496110317,0.621525443307363,0,-1
10,-0.773847827591038,-0.0106583804488378,0,-1
10,-0.135882046267356,0.0922702160747086,0,-1
10,0.699796827358455,-0.0898447245162381,1,-1
10,0.174273558615384,-1.40989188223775,0,-1
10,-1.44101937458925,0.28399895353634,1,-1
10,0.122166463035449,-0.242216777054651,0,-1
10,-1.22444274374266,-0.35129994388615,0,-1
10,-0.257307614767043,0.258793350517073,0,-1
10,-0.922016860555779,0.804767213326607,1,-1
10,-1.31455438083786,-0.750479363320266,0,-1
10,-1.50113312654433,-0.741599100624071,0,-1
10,-2.19170006798751,-0.722411530449222,0,-1
10,2.14799249530275,-0.000998911678700754,0,-1
10,1.69024328732374,0.889234133991026,2,-1
10,0.00495138193659137,1.67785582503858,1,-1
10,-0.11674437070164,-0.792717680067354,0,-1
10,-0.382405212874311,-0.967548101168903,1,-1
10,1.72133375029502,-0.666558813843602,0,-1
10,-1.94608650707627,-1.49821448927976,0,-1
10,-0.662079607241846,2.57475664496047,0,-1
10,-0.315620374239901,-1.02099831722745,0,-1
10,0.245847199002179,-2.02382589024195,0,-1
10,-0.735561810864274,-0.408756338997965,0,-1
10,-0.406422240870674,-0.550626960884087,0,-1
10,-0.611980120948563,-0.0354165080738778,0,-1
10,0.0550550919720258,-0.920507346263709,0,-1
10,0.74037377441509,-0.525713475526994,1,-1
10,-0.517087372063646,0.527833592547865,0,-1
10,-0.215352482252555,0.0455659162605199,0,-1
10,-1.03355946336749,1.05504046680638,0,-1
10,1.7497088276517,0.945174575621378,0,-1
10,-1.00459291774847,0.130588224973179,1,-1
10,-0.49739838706437,-1.19843523785102,0,-1
10,-2.16316773616615,-2.33163072070244,0,-1
10,-0.14193223465544,-0.464524464558354,0,-1
10,-0.269512238605655,0.178610579683008,0,-1
10,-1.74657776214654,1.33499434095681,1,-1
10,-0.54953693770379,-0.500445127236923,0,-1
10,0.00215670619005032,-0.847050457974808,0,-1
10,0.887548738890461,-2.28570681301924,0,-1
10,-0.996543840989284,0.555491833477485,1,-1
10,0.253312210886896,-0.923660269658429,0,-1
10,-0.0144804869876908,1.61857191583425,2,-1
10,1.04096927056049,-0.479936837443428,0,-1
10,1.07072704913777,0.431789061245679,0,-1
10,-0.335333251651578,-0.461544658344283,1,-1
10,-0.427792692303436,-0.0967308147681828,0,-1
10,-1.14886374877977,1.47220842676991,0,-1
10,-1.64081181931554,0.60253547688772,1,-1
10,0.96224562293711,-0.584961545338606,1,-1
10,-1.90917718899932,-1.94558328573085,0,-1
10,-0.631386392771282,-0.221379246623068,0,-1
10,-0.533295909404001,1.75024897424538,0,-1
10,0.841431286414181,-0.695004142852715,0,-1
10,0.399808290307972,0.901807684338542,1,-1
10,-1.26649625419131,-1.15010618438605,0,-1
10,0.754029352693971,-0.621556176153481,0,-1
10,-1.76832029566907,-0.496023537958569,0,-1
10,0.911449439799838,-0.195329702026782,0,-1
10,0.402500473341518,0.332368657031649,0,-1
11,1.1627888415458,2.03096988823218,0,0
11,-0.547623064808289,0.972679907762508,1,0
11,-0.211798674102491,0.761235621518354,2,0
11,0.330146443919971,0.561159461859006,0,0
11,0.907460776054342,-1.21914080457181,1,0
11,-1.04084392034379,0.0276668023215416,0,0
11,1.26855800961075,-0.180825400737543,1,0
11,-0.316615761333945,-0.103823051624209,1,0
11,0.709148967315381,-0.367211294036509,0,0
11,-1.3714495053646,-2.11284201725771,0,0
11,-0.0389779009321964,-0.0602310895342206,1,0
11,-1.6774153081374,0.646140603631349,1,0
11,-1.51780793919933,-0.600285276694143,1,0
11,0.215076294796945,0.966069768195047,2,0
11,0.120562521499801,1.34132551717366,2,0
11,1.64784604251785,1.32120526692733,0,0
11,-0.816007327505456,-0.366385306561185,0,0
11,0.32973888830606,-0.510795042428918,2,0
11,-1.17179874895611,0.813886582553699,2,0
11,-0.665059358521872,0.483170284465821,1,0
11,0.853947598160675,-1.33032489575691,0,0
11,-0.980580038885319,2.33638134778877,0,0
11,0.905825488652662,-1.05605638313207,1,0
11,-0.46678735693782,-0.487358429333495,2,0
11,-0.0984073724546307,0.0441002257359036,1,0
11,-0.459922923534556,2.91573158799899,0,0
11,-0.800437862890023,-0.660138676729745,0,0
11,-0.142777126090401,-0.388267981553546,1,0
11,0.350225052833591,-1.35542153589363,0,0
11,0.508886379294086,0.0678590474037427,1,0
11,-1.98847694089077,-1.41444628494187,1,0
11,-1.53949843843398,-0.275686473096873,1,0
11,0.622341917323372,-0.0445990494272362,0,0
11,2.1463196053699,-0.126074235038912,2,0
11,-0.165318973876284,0.694355142388147,2,0
11,-0.726917786680116,-1.47205808499101,0,0
11,-0.436188036440923,1.1488120570455,2,0
11,1.45994300267906,1.63097777095128,1,0
11,-2.13745366884535,0.0414712764320997,1,0
11,0.206445694993044,0.122163580385851,0,0
11,-0.560097247391016,-0.454804742535841,0,0
11,1.47474798947248,0.594256471948927,0,0
11,1.04298940059363,-0.809707383702757,3,0
11,0.757047967030726,-1.63749642566891,0,0
11,-0.113721600459224,0.494881616238524,2,0
11,-1.36727811388289,0.524408229845906,1,0
11,-1.28919486816303,-1.19148940788651,0,0
11,-1.14398955380041,-0.71346675980946,0,0
11,2.31632077884185,0.293846252736555,2,0
11,-1.25372662375395,-1.01639970887607,1,0
11,0.284797423686247,0.55446025200903,3,0
11,1.01016565488302,0.161739528627561,1,0
11,-0.64965343173106,0.101125303702553,1,0
11,1.49299789147123,0.332987004626868,3,0
11,-0.942280281353585,-2.77781251601732,0,0
11,2.00351495520811,-0.711442605821391,0,0
11,0.692189032899307,0.221283927202928,1,0
11,2.05160356760968,1.73318060374624,2,0
11,0.193225087425098,-0.0542579494204708,1,0
11,1.38495108017897,0.14366199255355,0,0
11,0.539707743092854,0.743637420771358,3,0
11,-1.08284610587352,-0.0868092615242289,0,0
11,0.558217214294219,-0.308747317379897,3,0
11,0.122228619817848,0.282475577180722,0,0
11,1.47916043868222,0.900717104316926,2,0
11,-0.205926442097461,0.0195152857585341,0,0
11,0.970906933718734,-0.493204166494844,0,0
11,0.268242355263599,-0.340240773101971,1,0
11,-1.09014495568945,0.33875193425713,0,0
11,0.517657487152859,0.287005473024442,2,0
11,1.26554111718996,1.81048258386979,1,0
11,0.83916927045982,0.173794667865567,3,0
11,-0.754661177853584,0.769228128451898,0,0
11,-0.444360345693209,0.742126757647812,1,0
11,0.696098427620076,1.23418649009998,0,0
11,0.455488724541369,1.05896899439292,4,0
11,-0.779231640739376,-0.692450275878722,0,0
11,0.0768832937873855,-0.25822040261448,1,0
11,1.75620994599216,2.16109797639185,3,0
11,0.0627119846913621,-1.52943013206164,0,0
11,-0.486411440444257,-0.902380651355911,0,0
11,-0.89730711806726,-0.19433690842168,1,0
11,-1.87506101504319,-1.69013435326471,0,0
11,1.2805581301362,0.719493827928397,0,0
11,-0.583101180680093,-0.28403399585431,0,0
11,0.541532224863034,0.082981510096971,0,0
11,-0.241125701152349,-0.8050221614349,0,0
11,1.0258027086373,1.03297342556308,3,0
11,-0.936152289141147,0.114417680903727,0,0
11,1.76956054045255,-0.938080759197435,1,0
11,-0.689773961654511,-0.195033577028695,1,0
11,0.113161208280772,-0.00138842959249027,0,0
11,-0.0401149244365163,-0.409200532792005,0,0
11,-1.17774986687213,1.17609682074226,2,0
11,2.94170464824955,0.492329284452294,4,0
11,1.8235360598961,-0.483651845203754,1,0
12,0.723253822544269,-0.754547476071944,3,0
12,-0.224213605075942,1.06389641214961,2,0
12,0.383687246578434,-0.206357653265724,1,0
12,-1.33347544928295,0.599001103413767,0,0
12,-0.602350669187451,0.207597551983208,1,0
12,0.00992276169193757,2.9256134700085,3,0
12,-0.607000696124136,1.09493558242492,0,0
12,-0.277499684750215,1.31458371005905,1,0
12,-0.0610636339992997,0.0774332036214215,1,0
12,-1.01316317314977,-0.962203101195206,2,0
12,-0.397965150636681,0.863623973452514,0,0
12,-1.09830197577585,-1.71678176587142,1,0
12,1.4688055395865,0.209299271738144,0,0
12,0.0480405956195041,1.32783049185795,1,0
12,-1.18955469002471,-0.71334689038758,2,0
12,-0.201973627020471,0.0465314663978759,0,0
12,0.496551880525547,-1.28249282843326,0,0
12,0.158026187520592,0.18638871821217,3,0
12,-1.77417967634357,-0.559243500995752,0,0
12,0.112722850738951,-0.215121111250452,0,0
12,0.106264991676414,-1.80081391553025,0,0
12,-1.42788513166156,1.16417593743152,0,0
12,0.327281197943627,-1.18643849636447,0,0
12,-1.28035115513334,0.478146367128065,2,0
12,-1.47280883853283,1.21394476031076,0,0
12,-0.471043781297455,-0.750093426791008,1,0
12,0.553375587548891,-0.52696784737421,1,0
12,-1.09696705346032,0.237940370108143,0,0
12,-0.715309925408053,0.0319881278582551,0,0
12,0.0431802271534561,-0.0393926549193038,1,0
12,-0.13664789269572,-0.358499993654176,1,0
12,-0.618415769146312,1.44797223147164,4,0
12,0.144553625363638,0.603991524639854,2,0
12,1.33530596262776,-0.0559753272936702,4,0
12,1.10544568994231,-0.321349408949286,0,0
12,-0.538958834073084,-0.503420649940887,2,0
12,-1.28968625824874,0.166728212062864,0,0
12,-0.026960628335895,2.86937836614994,0,0
12,2.14473092019546,-1.41651214552055,0,0
12,0.392863523215574,1.23806461232634,2,0
12,-0.863362994068471,-0.548692447759586,0,0
12,0.280677901227251,0.420520925300041,0,0
12,0.89694997030412,0.346440584309284,2,0
12,0.145415644298574,0.818750289321544,0,0
12,-0.290115848712415,-0.431045525045654,0,0
12,-1.66632006719769,-0.853307442513188,0,0
12,-0.0908202567770279,-1.24178243023868,2,0
12,-0.498041991018083,-0.35463543301084,1,0
12,-0.408539594987403,0.788628539320843,2,0
12,-0.216770107525373,-0.7386017736458,1,0
12,0.869021412101659,-0.64390758496352,0,0
12,-0.770463273505504,-0.454453808020204,1,0
12,0.666843403234473,-0.969404012103029,1,0
12,-1.35724083092956,0.285848157588319,0,0
12,0.834413608999294,-0.444101546425246,0,0
12,-0.26832609491838,-2.04498404137096,0,0
12,-1.63108045544251,-1.28314311753155,1,0
12,1.8989089057609,0.601921406946523,0,0
12,0.72511418669069,0.202632783208303,1,0
12,0.175478609540599,1.00543401126925,1,0
12,0.570840431752574,0.517055939692562,0,0
12,0.604008220788775,0.591922406561245,4,0
12,0.134341362152389,-0.437964722064129,0,0
12,-1.37180859099902,-0.57266963481395,1,0
12,0.306236812186089,1.59958126035304,0,0
12,-0.294391185823299,-1.4503896135715,0,0
12,-0.683835652957037,0.62985771815188,1,0
12,1.2589220956979,0.223469885259869,1,0
12,0.740056549871518,0.593925550460179,1,0
12,-0.240806070117777,1.3619250965817,2,0
12,0.48102535989288,1.09705061135709,1,0
12,-0.710246531027324,-0.554491188231449,0,0
12,0.74188423659586,0.393826571197372,1,0
12,-0.652463487098828,-1.06457526081482,0,0
12,-0.89319568811072,0.37049478268248,3,0
12,-1.46896817976419,0.838065801715145,0,0
12,1.52334044340134,-0.714825690527599,0,0
12,0.161230059331617,-0.474759390488682,0,0
12,-1.72016694261104,-1.25399771945613,0,0
12,0.880966655016716,-1.39989327985262,1,0
12,-1.1186705367412,-0.955498679998603,0,0
12,-0.801523362901824,-0.0951193023853745,3,0
12,-1.56284312448218,-0.971223057784013,0,0
12,1.79106356432917,0.14243529832269,0,0
12,-0.00722829516923445,-0.307304784428223,2,0
12,-0.177097359308238,0.479584877056156,0,0
12,-0.675229792078475,0.858024148670791,0,0
12,1.09579442872569,-0.0392134605969687,4,0
12,-0.0293368176469192,0.273552226221604,0,0
12,-1.22516831327949,0.485312966735981,0,0
12,0.652866328470545,0.0987855438889248,2,0
12,-0.303186387080406,0.948462986703185,1,0
12,-0.643287528593667,-0.650457835529507,0,0
12,-0.495983073427585,0.608133629946017,0,0
12,-0.906523321265011,0.406169918543253,0,0
12,-1.27338505592351,-0.683098430844406,1,0
13,-0.99925994613233,0.371430204595005,0,0
13,-0.611190761998077,0.0657628257734097,2,0
13,-1.69375253503785,-0.322130120847223,3,0
13,1.08092056535969,-1.57160074155139,1,0
13,1.37954235369507,0.743858021340948,3,0
13,0.827982179634231,1.46202092011217,1,0
13,-0.40173372210847,-0.555376151690505,3,0
13,2.0724458524687,0.897794397384486,3,0
13,0.876722490874533,-0.202696772170673,2,0
13,0.50348430733097,0.861063126834983,0,0
13,1.2544205405682,-0.126672470504133,2,0
13,-0.710136638808314,-0.630953803867845,1,0
13,-0.312507393264871,1.62327635683712,3,0
13,0.919736496029331,1.26479404896382,1,0
13,-1.03632941747204,0.751356615171523,1,0
13,0.216177748374695,-0.97220350015166,2,0
13,0.250060669473518,0.839445891557957,2,0
13,0.619677774052758,-0.873337400650276,2,0
13,0.0371284512315388,-0.462866188626689,0,0
13,-2.23841869780459,0.320379195171698,1,0
13,-0.0104074992348031,0.14697892330763,2,0
13,-0.600116679079707,-0.741279156378983,2,0
13,0.0103946659409224,-1.33844944263476,3,0
13,-1.59634355714517,0.236499516016956,0,0
13,-0.324523331947204,0.91462392615433,2,0
13,-0.269101658345295,0.429526504340001,0,0
13,-0.0225103195141063,-2.88914840378007,2,0
13,-0.392039955260641,-0.205457939055148,4,0
13,0.974497357892493,1.27788573662744,1,0
13,0.224071018669797,-2.37634385858024,0,0
13,1.90808342685506,1.63303007921473,4,0
13,0.0763468550055823,0.898930425306525,2,0
13,-0.0285140855278236,1.93221526648219,1,0
13,-0.0760913131939639,0.886232308692783,1,0
13,1.36278359887989,-1.90698457065258,0,0
13,0.290431593077995,-0.303364964783031,0,0
13,-0.762389555056395,-0.863883260355531,0,0
13,0.825521430407845,0.449458816325188,0,0
13,-1.16816121168101,1.93837171142251,0,0
13,-0.68533635046702,-0.492596367326235,0,0
13,0.491774788196827,0.989991519573014,1,0
13,-0.655165483510882,-0.976842291827237,1,0
13,-0.74072946248333,-1.48034336583982,0,0
13,-0.609277061596935,0.255862523953529,0,0
13,-0.822138313115036,1.93943191024839,1,0
13,-0.547921869843069,1.03211086594805,1,0
13,-1.34372879316666,2.2227380028028,2,0
13,0.241851015415976,1.04194918040095,1,0
13,0.214404408567418,-1.8876252116417,1,0
13,0.61801699713126,0.942384348918701,0,0
13,-0.426586076071566,0.939017352860343,1,0
13,-0.674483717645352,-0.0511108412278327,0,0
13,-0.484118321710508,0.408522222446441,1,0
13,-1.52599821145767,-0.542705421498964,1,0
13,0.877353344315137,0.22785071831507,0,0
13,0.298675017617598,1.29822459160231,0,0
13,-0.065626455951758,0.675277635673193,1,0
13,-0.689227368811317,0.116381137050617,1,0
13,-0.137272059989238,-0.177365100111499,0,0
13,1.81065313689857,0.165977112436466,2,0
13,0.292915249810542,0.348448221455585,1,0
13,-1.36461802818586,0.10620480816801,1,0
13,-0.685097307541947,0.0488206605414245,2,0
13,-1.43172469764979,0.536914830143652,0,0
13,-0.918410045681129,0.259987400283438,1,0
13,-0.24095156924485,-0.254035087374402,1,0
13,1.88344841691536,0.435227585276543,3,0
13,0.325399609566032,-0.872031487963853,0,0
13,-1.31822130016012,-0.766856596564712,1,0
13,0.0444187565712846,-1.54747126649472,0,0
13,-1.06233726205328,1.65274988125607,3,0
13,0.546229385287274,1.26082267480163,3,0
13,0.518419048473371,-0.672926447123362,1,0
13,1.85947000579227,0.177958971570603,2,0
13,0.486459738753014,-0.373432891387746,2,0
13,-0.171399492811481,0.14797455196779,0,0
13,-1.23899868617026,-0.873096764058713,0,0
13,0.0944851495035251,1.13539914089296,1,0
13,-0.133315524248446,0.0729647033860647,1,0
13,0.787233766993256,0.84172082416989,2,0
13,2.44707820233147,-0.575721341679378,1,0
13,0.939631078941249,1.09885982034823,4,0
13,-0.609519275495092,0.530278853377596,0,0
13,-0.909224457374263,-0.193340948439352,1,0
13,0.276452631166982,-0.389240837735173,0,0
13,0.463080484788609,-0.422012014422228,1,0
13,-0.8929416664209,-1.03280857022936,0,0
13,-1.87464228966145,-0.3852680372329,0,0
13,-0.466901277120003,0.0944776761572887,1,0
13,-0.542977740244318,1.20910369928642,1,0
13,1.19328398431469,0.944506084007996,2,0
14,-1.36347668341578,-0.479606813931604,1,0
14,0.907324164706209,-0.952886021892954,0,0
14,-1.54882549310812,0.981024142125834,1,0
14,-0.0159832617567977,-0.827626114815245,0,0
14,0.1468545595166,1.46203088724099,0,0
14,-0.362013637169627,-0.821691101246399,0,0
14,0.856926800244525,-0.0497900920036853,2,0
14,-0.0437800246879922,1.11308463504054,0,0
14,-0.623149019858712,-0.978987348559512,0,0
14,0.0636976923530726,0.42623050827902,0,0
14,0.657670588513525,-0.220325972024135,1,0
14,0.373432185620931,-0.766171598886208,1,0
14,-0.449815288006096,1.41872810759026,2,0
14,0.738826057222857,-0.548786352643586,1,0
14,-0.147204327713199,0.0347555877730491,3,0
14,0.389941273301186,1.26948082237316,0,0
14,0.937567168298559,-1.17821752646007,2,0
14,-0.327922165704531,-0.698940441251913,2,0
14,-0.0384015312685057,-1.04950199062852,2,0
14,-1.89474559641827,-1.12602924673641,1,0
14,-0.430612900997591,-0.0531619691662495,3,0
14,-0.601067387280786,-1.32021258844449,2,0
14,0.491228429680853,-1.00634975794565,2,0
14,-0.869711677636522,-0.0926394397671374,0,0
14,0.0786537744821982,0.0870974920285807,1,0
14,0.0600772187240902,-0.247190211969517,1,0
14,0.165109189894971,0.339975824718953,1,0
14,-0.272701149032834,-0.846895686400685,0,0
14,-2.23921967960151,1.14792729124299,0,0
14,-0.676551666293033,-2.29402022376841,1,0
14,0.525073250694135,3.08733490595761,0,0
14,-0.0520088080285159,0.795716970099634,2,0
14,0.579252290924998,0.100730424693887,1,0
14,0.00334149918341048,0.830097119469438,2,0
14,-0.832653191218959,-0.00313337917325675,0,0
14,-0.862841254299598,0.888802494109509,1,0
14,-0.730336962469269,0.234286664528589,0,0
14,0.190691344712868,-1.14564918810763,0,0
14,-0.704373179970871,1.2972624494897,0,0
14,-2.0629407741729,0.398757916296491,1,0
14,-1.41345254812496,-1.36023658237191,0,0
14,-0.0474191094376397,0.753606159540831,2,0
14,-0.0770367597410625,0.0810882540699988,0,0
14,1.18849378774589,0.222443030789455,2,0
14,-0.0846020864849397,0.484379071881546,2,0
14,1.02765423033103,0.595288679092897,3,0
14,0.97983699679924,-0.718057090699279,1,0
14,1.29436816242987,-0.757097148800572,4,0
14,-0.641078063140619,-2.47372301924393,1,0
14,-1.31718092065704,0.142937187724788,1,0
14,0.752801232656425,0.130677659371685,0,0
14,-0.247960978912384,-0.421977343696122,1,0
14,-0.658902389907275,0.752800655957627,0,0
14,0.136391014099209,0.0894755510971151,0,0
14,1.76660442577892,-2.72965327979986,0,0
14,0.588005043334817,0.479143280163611,1,0
14,-1.00382148769127,-0.0195916649885754,3,0
14,-0.406412559820276,-0.5282508429649,1,0
14,-0.00280809406902571,1.30539321828435,3,0
14,0.423949301828648,0.640747484060249,1,0
14,-1.89953354356156,-2.14633113619707,1,0
14,0.576572792701935,-0.59557337370469,2,0
14,0.275404681152915,1.93148164219549,0,0
14,0.321609143739673,-0.0348419953772896,1,0
14,1.34892614238659,0.708034566521867,0,0
14,-0.204669323715818,0.301751547686955,4,0
14,1.06457369691616,2.7324755457585,1,0
14,0.424497344875542,-0.225382918213536,1,0
14,1.14004982241463,-0.470744847480269,0,0
14,-1.60039103902528,0.0504881524768128,0,0
14,-0.958397625352852,1.2940457669861,0,0
14,0.595754593996203,1.63479057447022,1,0
14,-2.88315481986101,-0.232625590463522,0,0
14,-0.218451720736116,-0.445085404268618,3,0
14,-0.354576375965778,-0.712792842214575,1,0
14,0.0914884611490563,2.14612928293173,0,0
14,0.459616142409978,0.671462262585545,0,0
14,-1.28277103936771,-1.04822236278447,1,0
14,-0.459703853219919,0.432238163188274,3,0
14,-1.30361865545651,-0.998996136556686,0,0
14,-1.48962143776678,0.0282182827524968,0,0
14,-0.431236902161061,-0.457306516225548,2,0
14,0.683120007399768,0.717009699770391,2,0
14,-0.300928970854476,-0.804168140138912,1,0
14,-0.258096191955637,0.493329032643341,2,0
14,0.017054300755549,-0.485916894163966,2,0
14,-0.319479874748379,0.235157967358377,0,0
14,-0.237957280238883,0.81434006343055,3,0
14,0.575281324642339,-1.14123043047787,1,0
14,1.01602692687985,0.458476218576566,1,0
14,-1.44904420399832,0.824366125352359,4,0
14,1.93924603520358,-0.351059187390173,0,0
14,0.76748217269245,1.67341410113267,3,0
14,0.160814213399304,-0.569238425683814,0,0
14,1.31165870664118,1.74646844674845,0,0
14,-0.326538769200847,-1.80072618752088,0,0
14,0.101005106709698,0.437869710938072,0,0
15,-0.135238430677808,-1.53986574512478,0,0
15,-1.05102674867817,-0.574687797398167,0,0
15,-1.74118230971248,-0.996038823195509,2,0
15,-0.253311377288211,0.148465371665038,0,0
15,-0.931921867265872,-2.68244710850619,1,0
15,-0.0977338849101952,0.875615161790785,0,0
15,-0.721844142279231,0.195415964863559,1,0
15,1.5942295921755,0.715050872789916,1,0
15,-0.445349113439279,1.61898891255243,4,0
15,0.552128367972731,1.69031746131302,3,0
15,1.31742738763615,2.52921155871277,5,0
15,0.487772642558109,-0.132605716243394,0,0
15,1.46649961907397,0.751452455143751,0,0
15,-0.0880208233187169,1.34456803725468,1,0
15,-0.988493503097642,1.09421613402214,2,0
15,1.4237524296318,2.08464806744775,1,0
15,-0.311604564559264,-1.12493810276326,2,0
15,0.798949564684999,-0.186751931711231,1,0
15,-0.978235429261859,1.49297375113474,2,0
15,-1.22975182287619,-1.80518358657269,0,0
15,-0.702335404839919,0.99144444537375,1,0
15,0.822822064370419,0.310193195086927,0,0
15,-0.0912881652791731,0.164153561964416,1,0
15,-0.154336558595346,0.881102675622883,4,0
15,-1.01784708197956,-1.55950061135711,0,0
15,0.97944391027917,1.13616579901787,2,0
15,-1.05631023801777,-0.075007634114978,2,0
15,0.437967516535044,-0.128074975845883,2,0
15,0.159432521729219,1.08277225123453,0,0
15,-0.74888237052849,-0.0789101831174757,1,0
15,-0.106267896555607,-0.0758927423480941,0,0
15,2.15116442772732,0.314045053023233,3,0
15,-0.674876128729509,0.846456217938342,0,0
15,-0.357814607885923,-0.614878092055708,0,0
15,-0.648362598845295,0.821371928179253,0,0
15,-0.202816356184027,-1.25690421934002,2,0
15,0.122905086161235,-1.36768751567757,1,0
15,1.35613477516591,-0.723878964138595,2,0
15,-0.667458547486587,-0.680033385633762,1,0
15,-0.534211847407473,-0.0231668244937645,1,0
15,-1.99646605107081,-0.167978953715309,0,0
15,1.87669450405238,-0.225388684274364,1,0
15,-1.08804099456219,-0.40192390521791,0,0
15,-0.667931847446759,-1.11817157847778,1,0
15,-2.73835419275423,1.06853211176834,0,0
15,0.91713662867727,-0.156433487423385,1,0
15,-0.336878711302241,0.424467700374585,1,0
15,-0.0134751004515155,2.32276645315164,4,0
15,0.286038858558103,-1.20376253127798,1,0
15,-0.858197480217312,-0.504544200681627,0,0
15,0.953009962824963,-1.23596522139374,1,0
15,0.294684767507888,-0.0141052933487207,2,0
15,-0.395037024775209,0.238968637746108,3,0
15,-0.44417398013709,0.588207525288992,0,0
15,1.4124825047711,-0.380711726229186,1,0
15,-0.267421431612792,-1.4349415604684,2,0
15,0.0470998953555538,0.065066018969923,1,0
15,-0.909617527042816,-0.862021861918834,0,0
15,0.655651444827951,-0.385250858309333,0,0
15,-0.38255541163085,0.0642188379117669,1,0
15,0.7174247771952,-0.429390594128371,5,0
15,-1.28802947164013,-0.589747184873116,0,0
15,0.374735410897692,0.47461089723444,0,0
15,-1.46391889816419,1.06418445821854,0,0
15,1.60158940911577,-1.08806307924792,1,0
15,1.52788282917995,0.283681661830214,1,0
15,-1.34225788740019,-0.991541701184245,1,0
15,0.744941262358562,-0.102634449095115,0,0
15,-0.40844649468934,-2.38163111964452,0,0
15,-1.62328848137426,0.138775443949348,0,0
15,0.133522532074215,0.391580947589485,1,0
15,1.17061264902601,0.222482078460503,0,0
15,1.11580761773507,-0.11560361107921,0,0
15,0.648287161974434,-0.532938496566796,1,0
15,0.13527542407106,1.30690747113566,3,0
15,-1.66854902630003,-1.24399583740324,0,0
15,-0.0900989915129272,-0.548346765653053,0,0
15,-0.47092177464044,0.42900795254364,3,0
15,0.50241741825196,-0.265402263922801,0,0
15,1.18612128983058,1.25465696683978,1,0
15,-1.24278987628188,-1.04618769098569,0,0
15,-0.968038372960597,-0.0178766593229282,0,0
15,0.165208670591176,-1.01232928210372,0,0
15,-1.63762490829369,-1.06271956183229,0,0
15,1.91975413603727,-0.6508598885025,1,0
15,-0.137402162128462,-0.0234446244013563,0,0
15,-0.335512164984281,-0.905529629387512,0,0
15,0.771146153682635,1.27927790858766,0,0
15,-0.156460426781194,-0.577328678383565,0,0
15,0.64644454494847,-0.990063752741319,0,0
15,0.944456957342909,-0.216100905917738,2,0
16,2.58726185581231,1.36710333222733,1,0
16,-0.488498140746055,-0.905219684893047,0,0
16,0.569404591850747,1.35336217118208,1,0
16,0.161020432401792,-0.569827854034552,1,0
16,0.124813883971598,0.032720605272785,1,0
16,-1.69878785187615,0.164457403523185,0,0
16,0.747920582346973,1.13825964714989,0,0
16,0.0478660255961538,-0.222340554650796,1,0
16,0.779210704718765,0.655491223219031,1,0
16,0.130626886050441,1.44081788496171,1,0
16,0.979415057882468,-0.794879271659666,3,0
16,-0.268444276035751,0.615444729276059,1,0
16,-0.578283277448706,0.30661747441839,1,0
16,-0.246958845727243,0.300371906210867,2,0
16,-0.72368665734026,-0.000242841988048432,3,0
16,-1.20916181318473,-1.5881197284292,1,0
16,-0.0291046826382313,2.32238263327131,1,0
16,-0.43872623049111,-0.546424368452816,0,0
16,1.0991314119187,1.72104034916038,1,0
16,-0.419377432281766,1.03818402389949,1,0
16,0.47736765689805,0.270594927751277,0,0
16,-0.0338742127197775,1.46886690563956,0,0
16,0.488203337389669,0.645498095478021,4,0
16,1.22674889508869,1.34916752943253,1,0
16,-0.525400329657278,0.306293733846758,0,0
16,0.013827237683252,-0.282868168974271,1,0
16,-1.71157082653697,-0.60531047008771,1,0
16,1.03605240085876,-0.658395298336699,1,0
16,0.317502862578551,0.330295899327811,4,0
16,-0.248946994123703,0.402921711098675,1,0
16,-0.380120578860431,-1.01521065482112,1,0
16,-0.39872296740026,-2.36491935581243,1,0
16,0.0577849181232084,-0.380412031512429,1,0
16,0.166304345467818,-0.911487462422404,0,0
16,-0.943102192147813,-0.432627166960148,2,0
16,0.881214880273863,0.413291848376931,2,0
16,-1.36058001639988,-0.362290510144758,0,0
16,-0.118701365004711,-2.10824985598447,0,0
16,-1.4058854059822,0.644990334810237,0,0
16,-1.75182211684353,0.504409470868627,2,0
16,-2.62473977728262,-1.51165214981238,0,0
16,0.203677664475153,-1.27473597990003,1,0
16,1.72793950011438,-1.35561368249946,0,0
16,0.375274038879715,-1.71179162412183,3,0
16,-1.18926894246275,-2.5572090784895,0,0
16,-0.224694909899603,-0.401749228245708,2,0
16,-0.160655816981393,-0.533239373690343,2,0
16,-0.116569485376428,0.31915144841108,0,0
16,1.95491639097449,0.811698436750338,6,0
16,0.544633726806854,0.064207945839527,1,0
16,-0.0154058627748397,2.14572598800666,0,0
16,1.78188865427161,0.0445879662507402,2,0
16,0.891149037783242,0.452105922991665,1,0
16,-0.744667726132462,-1.46225368985222,0,0
16,-0.220128327650178,-0.840207300340392,1,0
16,-0.835722075720984,-0.204996182260344,1,0
16,1.53155979653519,-1.6464542397841,1,0
16,-1.25817868981268,-1.232171458262,1,0
16,-0.492436485271932,0.546619685505424,0,0
16,-0.00427505909816481,-0.158500918911947,0,0
16,-0.188992997450228,0.467100423694792,0,0
16,-0.0512253814782026,0.087935131715654,0,0
16,-0.299617876855117,-0.191759310532951,1,0
16,0.0958980137570173,-2.18014843128308,0,0
16,1.38696325033678,-0.71277685743408,0,0
16,-0.518412327972388,-1.62268802933659,0,0
16,-1.08125912605141,0.117912333979806,0,0
16,0.484011090345449,1.54753166807064,4,0
16,0.222547636895888,0.354575988046739,1,0
16,-0.836991140979593,0.559914685885257,0,0
16,0.0328548158593842,-0.558677429652392,0,0
16,1.16420742243531,0.074154659040742,2,0
16,0.251542982815086,-1.35917904671643,1,0
16,-0.0266368280997577,-0.276738062921105,0,0
16,-1.0212472180016,-0.395547769783992,1,0
16,1.71356244744503,0.619373388573123,1,0
16,2.83374658224022,-0.748700370162888,3,0
16,-0.412648043710415,2.63675027481582,0,0
16,-0.0919294754335424,-0.57664168695709,0,0
16,2.5968751279852,0.907029489647844,1,0
16,0.0421527473927829,-0.251264319051822,1,0
16,-0.645417307154991,-0.463133229532133,1,0
16,1.28369684068514,-1.2307457199784,1,0
16,-0.230002604903316,0.187677739658485,2,0
16,0.214113430237142,-0.683563395397399,1,0
16,-1.568101803373,-0.730004819678661,0,0
16,-2.13010451912379,-0.0350266611726946,0,0
16,0.906368849039516,1.0202539413027,1,0
16,0.308793358293315,-1.38379963780664,1,0
16,0.232373305098942,0.684539772021818,1,0
16,-0.331317719042466,-1.96885216612432,1,0
16,-0.657206110164445,-1.31288449516135,1,0
16,1.82069719441449,0.432280050319478,0,0
16,0.562824221995324,1.75904178627932,0,0
16,0.00307881915600888,0.113700064448833,2,0
16,0.676222673916209,0.372952982409104,2,0
16,0.169250686504111,0.135475322001111,1,0
16,0.775147948309832,0.5123501535139,3,0
17,-1.41682103611957,-1.53746456806376,2,0
17,-1.07760864462492,-0.39280452476429,0,0
17,1.97977649622585,1.04967067976759,0,0
17,-0.857375203169389,0.509824863883773,0,0
17,1.52782000157902,1.10326192475094,2,0
17,-1.47865561979353,1.36178603152125,1,0
17,-0.379639280780514,0.64559426182538,1,0
17,1.50241520397866,-0.555775144219418,0,0
17,0.341499436597994,0.326386398936394,2,0
17,-1.83641223841918,-0.381793064056401,0,0
17,0.797965826265558,0.513946848788823,3,0
17,-0.821373404680896,0.239732279395047,1,0
17,-1.69688454196864,-0.800924964796317,0,0
17,-0.956872456727145,-0.660235593877244,0,0
17,0.864045174483298,0.813554987440461,1,0
17,-0.214379646618487,0.863301647956233,0,0
17,0.938120054666546,0.0387613481234045,1,0
17,0.771764072732363,-0.524737597312987,2,0
17,0.479212581205956,-1.47784285265319,1,0
17,0.107374454859054,-0.652071566334989,1,0
17,-0.0432549135321289,-0.762240173757375,1,0
17,-1.02266478302268,-1.0111437242413,0,0
17,-1.12813111826297,1.40026749125327,0,0
17,-1.33582114518663,-0.997831671698511,1,0
17,-0.129491567529809,-0.973795722646386,0,0
17,0.631992087101351,-1.04034923141191,2,0
17,-0.381531691155022,-0.713825312366537,0,0
17,1.00409229822402,-1.1245975756053,3,0
17,-1.46155558189088,-1.97621226465572,1,0
17,-0.176661185163457,0.873615720809658,3,0
17,-1.14987831993867,-2.18305486063866,1,0
17,-0.392787890648277,0.88473193853088,0,0
17,-0.454354132752403,-0.66745967437665,1,0
17,1.15732036681198,-0.0919909516635427,0,0
17,-0.0302807055824661,-0.460030128776097,0,0
17,-0.46005610721502,-0.3249289554628,2,0
17,-0.727824125501775,-1.7577098939761,0,0
17,-1.96312741539235,-0.874136317802864,0,0
17,-0.432634037682921,-1.00895491514958,0,0
17,-2.15817121599867,-1.40376010670942,1,0
17,1.08116045504425,1.20935980726049,0,0
17,-0.970128658191368,-0.415743382952726,0,0
17,-0.239223463011682,0.0384249847645192,0,0
17,2.86562464178649,0.511268505732893,2,0
17,-1.42490395372988,-0.628385455305244,2,0
17,-1.79297733860792,-0.759700914504559,0,0
17,0.847354254724608,0.164729081856366,0,0
17,1.80212518790429,0.404403905552378,3,0
17,1.00917452434127,-0.395801429738565,2,0
17,0.703846949614626,1.66742056673386,1,0
17,3.62172353912601,-0.316396905588569,3,0
17,0.895788009996665,0.00980763306252254,2,0
17,0.0854112041356964,0.505486581186716,1,0
17,-0.950118273062431,-1.01971699718666,0,0
17,0.0432377531884749,-0.271221645222495,0,0
17,-1.10568522038605,-1.08091870747396,0,0
17,0.00721649852207748,-0.902355135663116,0,0
17,-0.699129545186982,-0.101034381648094,1,0
17,0.556049005262345,0.722280640693888,1,0
17,0.634308218538278,-0.222514074293701,0,0
17,-1.48073233518027,-0.00714381950523698,0,0
17,-0.345499217929185,-2.1614019637275,1,0
17,0.0279942857734859,-0.925126869414828,1,0
17,-1.15224577887979,-1.97749876341777,2,0
17,1.20313643204562,-1.25252884779238,2,0
17,-0.359951076504652,1.73845757363013,1,0
17,-1.28805331108557,0.074321180872568,3,0
17,0.634413393693539,0.0433027471991693,1,0
17,-0.054838679827415,-0.38098434323272,2,0
17,-0.073725403335341,-0.239570133278314,0,0
17,1.67902933862446,0.636868056014131,3,0
17,0.334508316483193,-0.795790979950193,0,0
17,-0.288779764272035,-0.0860466895104891,1,0
17,-0.897019505292406,-0.434396603396083,0,0
17,-0.154335163881976,0.855679827112913,0,0
17,0.154109045390553,2.15271025619636,2,0
17,-0.542543970285435,-0.412870005705894,1,0
17,-2.28844140247926,0.235843779569558,2,0
17,-1.11590210521491,-1.43198085032243,0,0
17,-0.317792572113371,-0.405974913422466,0,0
17,-1.1841848279666,0.956425884354083,0,0
17,-1.36302677261416,0.531374953393465,0,0
17,0.117261198219583,0.805625761328901,1,0
17,-0.453126315031479,-1.12014030401518,1,0
17,1.01595124180528,0.838577135480529,1,0
17,0.937485085231989,0.437628083916914,2,0
17,0.45359048378241,0.635061041825254,4,0
17,0.681824597397504,0.918253615314847,0,0
17,-1.3245911542255,-1.81377997071148,1,0
17,0.279344512335906,1.29961754781767,2,0
17,0.99257022786851,1.33352971173498,3,0
17,-0.0339477221149684,-1.34254363187543,0,0
17,0.614574404574437,-0.744148880513586,4,0
17,0.164510136736053,0.420087594952777,0,0
17,-1.04425955864806,-3.11916756011056,0,0
17,-0.25510110101384,0.692671102977385,1,0
17,0.0689502509100905,-0.634804737729993,2,0
18,0.696383693014166,1.22791156958023,1,0
18,-0.430473173193739,1.47005275432773,1,0
18,1.53351802453948,0.121696017492522,2,0
18,1.62998974566559,1.66348622277861,2,0
18,0.937634028409713,-1.04587704754617,3,0
18,2.91196507251315,0.329368551506489,0,0
18,1.49255795960056,-0.123614110616311,1,0
18,-0.571490499600586,-0.993185238047231,0,0
18,0.590214809896667,0.492759464648701,1,0
18,0.629124363766945,-0.257375914092684,0,0
18,-1.63748484081615,-0.0901276774603151,1,0
18,-1.74201709247318,-0.232362810640992,1,0
18,1.93860128786683,-0.516273233867543,1,0
18,-0.439650778636679,-0.034045301148117,0,0
18,0.897880077676139,-0.855947945155439,1,0
18,0.637194602743521,-0.431565917321852,1,0
18,-0.228551099734855,-0.113212768875111,0,0
18,1.59857432283367,1.52463311835421,1,0
18,1.7754574693308,1.7619126439178,2,0
18,0.79221224872184,0.567797045804126,2,0
18,0.115507857488059,-0.24023336018183,2,0
18,1.1232813771473,-0.41522653290732,1,0
18,1.67330283884209,0.38705489103119,1,0
18,-0.268575197072291,-0.372854201859307,0,0
18,0.44675830539517,0.206617997431735,3,0
18,-0.24332854884183,-0.336599210790691,0,0
18,-1.10008293621742,-0.707649595917372,0,0
18,1.79228608679752,1.07890890808651,1,0
18,-0.0215184766975651,-1.33167471432023,1,0
18,-0.497602242767172,-0.638144103545413,1,0
18,0.842523117368219,0.0667317237003749,1,0
18,0.770023893035633,-0.00636789942735145,0,0
18,-0.162892202976047,-0.388415870072556,0,0
18,-1.66750397999511,-1.30718960449223,1,0
18,0.597006133698969,0.491087398587513,2,0
18,-0.702775434329568,-0.214063782179977,2,0
18,0.537600762113034,0.122848468614631,2,0
18,-0.890342400318542,-0.361986893892649,0,0
18,0.131511582728675,1.52205062244712,1,0
18,1.24578539309113,0.62047623678569,1,0
18,0.413473141074377,1.032243772387,0,0
18,-1.55274347988709,0.207786827839045,1,0
18,0.337326848666358,-0.489253349358229,0,0
18,-1.58743141149172,-1.355849629476,1,0
18,1.30760725687205,-1.66230871507142,2,0
18,0.587170223652607,1.3269773387244,1,0
18,1.035389685951,-0.98593902274318,3,0
18,-0.312172494496994,-1.07349700277921,0,0
18,0.780377714196136,-0.717272354554644,0,0
18,1.02074803357746,2.07715196442936,1,0
18,1.44713833461367,1.13424728589465,2,0
18,0.753457964080455,1.35308186783884,0,0
18,0.64918812138632,-1.03423080877495,1,0
18,1.03837333711801,0.426955842821704,1,0
18,-0.573789253275913,0.852736522355244,1,0
18,0.0602790001211665,0.0932042672364742,1,0
18,-0.0456859677186356,-0.607379469124259,0,0
18,1.03945162939203,1.10171069064792,1,0
18,1.67963726906532,0.311457486979787,4,0
18,0.910990949348267,-0.185336099247976,0,0
18,-0.559321977161031,0.937472264256475,1,0
18,1.49292307040084,0.699442486240113,0,0
18,-0.231180341034013,0.311715150048054,0,0
18,-0.555489162985619,-0.553703056265518,0,0
18,-0.0485595381040213,0.830952635387119,0,0
18,-1.04191809235171,-1.40422317107227,0,0
18,1.82090923057406,1.68454889534422,2,0
18,-1.17326653590979,0.362041489018603,0,0
18,0.716232010437244,0.570514682930365,0,0
18,0.63053254200388,2.50333098024474,1,0
18,-0.892095968353315,-0.82303453077676,1,0
18,0.397871725845261,1.39491951397853,2,0
18,-0.384974053927865,0.530447267444133,0,0
18,1.11088660225266,-0.446678348432049,6,0
18,1.15968553946773,-0.0420147938778907,3,0
18,-1.13045606368138,0.536207461668865,3,0
18,-0.863503208349969,-0.489600676611256,0,0
18,0.0875894033754116,-0.260687091589849,2,0
18,-1.39032070173427,-0.695771487948724,0,0
18,0.812542030339223,0.76737885467105,2,0
18,1.1191370403288,0.474030922309365,2,0
18,-0.478158860306904,-0.642730731283714,0,0
18,0.354168620639016,0.0637980506486672,2,0
18,-1.36571812343728,0.255838384848975,2,0
18,-0.120344822929501,-1.8287505706476,1,0
18,0.66263691648248,-0.57285065508853,0,0
18,0.997050634484995,-0.393950594031943,0,0
18,0.556720259080943,-0.107309255755228,1,0
18,-1.40244807222181,0.464163521159179,0,0
18,-0.0561442593757873,-0.310889155197952,0,0
18,0.182242005704471,-1.63721043628635,1,0
19,-1.03162347143785,-1.01623543709798,0,0
19,0.234942806092468,-1.44320853405956,1,0
19,-0.136402329446136,-1.69337531918856,1,0
19,2.47870600284751,-0.542634181457005,0,0
19,1.20298496817548,0.239136768197275,0,0
19,0.334295458749603,0.432640176634569,0,0
19,-1.10142558335884,0.0263305679131805,0,0
19,0.234275449293455,1.29909846265778,1,0
19,-1.36825134853093,0.2990553422696,1,0
19,0.0742134339750149,1.02678844768921,1,0
19,-0.066133695089787,2.78071036268339,0,0
19,0.0180933710405957,-1.68252860992079,0,0
19,-0.622242369618072,-0.695684545939924,1,0
19,-0.509930317971111,0.715279697613519,3,0
19,-0.702335229686462,-0.774108658979143,0,0
19,-0.40927680125964,-0.620221411196224,1,0
19,-0.566848478696087,1.00804858473299,1,0
19,-0.542688534123031,-0.525990151861875,1,0
19,0.47673801847122,1.70451556801295,0,0
19,-0.0512181665106435,-1.04796509223955,0,0
19,0.389823387656531,-0.229552277670526,0,0
19,-1.36817942501152,-1.41946675997218,1,0
19,-1.440359332568,0.335100569299345,4,0
19,-0.514352183274151,-0.426863183131946,0,0
19,-1.25458384450407,-1.17169105136735,0,0
19,-0.650377065115578,0.78059397748799,1,0
19,1.04493227644854,1.62885008416049,5,0
19,0.635740016756891,-1.35751971135676,1,0
19,1.33751376211631,1.52284748458694,3,0
19,-0.374554666816395,0.744061605901917,1,0
19,-0.00708855932879782,-0.107054041244931,1,0
19,-0.459269699502662,0.0525765534181846,0,0
19,1.72272592974394,0.951349992698721,2,0
19,1.0686272946308,-0.198609654157038,0,0
19,0.52960052737958,-0.615620806596359,0,0
19,0.185012511697058,-1.10637207172266,2,0
19,1.69408732144308,0.482526399653748,4,0
19,-0.847854849933882,-0.365463120939889,0,0
19,-0.619003507436702,0.959333834643739,1,0
19,-0.250146258782751,0.222756464394031,1,0
19,-0.640035477461042,-1.08310234781401,0,0
19,0.737495512936812,0.150019588523206,0,0
19,-0.419295014900261,-1.00549832617367,0,0
19,-0.904322381049286,1.50171521021623,1,0
19,-0.441728759094606,-0.540470843296173,1,0
19,0.864014119570434,1.27515297277643,2,0
19,1.58024662525943,-0.273652076266771,1,0
19,1.09005045506415,1.24953710728244,1,0
19,0.938883824469537,1.0696451472124,0,0
19,-0.31929864652483,0.257169147732876,0,0
19,0.276326588500078,-0.675460452978996,0,0
19,-0.197123390214967,-0.957020896775777,2,0
19,-2.98471278363616,-1.73525008404841,0,0
19,1.04377673059003,1.31305217234295,1,0
19,-0.0130636252127836,-0.831424832059117,1,0
19,0.426439659073147,0.614334981514384,1,0
19,-2.24119121465334,-1.35758840584867,0,0
19,2.34548004087833,1.20134652185016,1,0
19,0.546004501870179,0.800338063936734,0,0
19,-0.289837275626102,-0.181761078875297,2,0
19,0.764403342257273,0.674311994424761,2,0
19,0.0412512848461808,-0.270612104199057,0,0
19,0.683204242696457,1.00370189709522,1,0
19,2.18603872956882,-0.337555950801292,2,0
19,0.761046035779011,-0.400712120027551,1,0
19,-1.33347556251237,0.992427067990938,0,0
19,-2.11043237762745,-0.361315793156173,2,0
19,-1.57917497397068,1.99725892596854,0,0
19,-1.80843858093317,0.310253351547298,0,0
19,-0.0275124716155197,0.639902303025157,2,0
19,-0.352635448924238,0.932024893013888,1,0
19,0.452716109215319,-1.14817503276587,0,0
19,0.787961512865974,0.303690870627792,1,0
19,0.501207437886791,0.0577478604501876,2,0
19,-1.41026212491175,0.332112745893543,1,0
19,1.20318582367948,0.214175590855848,0,0
19,0.786501244905032,0.817425304418872,1,0
19,0.39004581477234,0.570299782454064,0,0
19,0.474397042233351,1.89369671671482,1,0
19,-0.434098518370018,-0.867990362641826,0,0
19,0.98029667476595,0.673604337281664,1,0
19,1.0117179305506,-1.66635779157902,1,0
19,-0.877795571536171,-0.440822094483643,2,0
19,-1.87266317859156,-0.617128523517614,1,0
19,-1.03062384253348,-1.96834266482652,1,0
19,0.781069208114211,0.372814598068801,0,0
19,-0.212676587840743,-0.679187701421725,0,0
19,0.566127814501448,0.880223188257353,0,0
19,-1.14641497788655,-0.22892830155925,1,0
19,-0.480588115316556,-0.867343006967537,2,0
19,1.75182352893265,-0.358579369255776,2,0
19,0.736866354794809,-1.06471923241548,1,0
19,-1.14544585698518,0.40216030697244,2,0
19,-0.717071381942607,2.76864100320919,1,0
19,-0.831123904023996,-1.99309592467193,0,0
20,-0.142125042708068,0.934598173228271,2,0
20,-0.933711222356037,0.872265194468494,1,0
20,-0.433943812646147,0.318956628125918,1,0
20,-0.75609362250079,-2.19295053987095,1,0
20,1.64596288294206,-0.516974116151986,1,0
20,0.75157210889601,-0.39810906113607,1,0
20,0.340256664061944,0.558779355325736,1,0
20,-0.950534605655723,-0.295446501230707,0,0
20,0.101802282191199,0.119980616103892,0,0
20,0.911281490074822,0.188944648611054,1,0
20,-1.7216511514567,-1.08765686429445,2,0
20,0.0937735287267398,-1.36411966303735,0,0
20,1.20708798016358,-0.708798979970347,2,0
20,1.41041011074889,-0.791666649895909,0,0
20,0.498405826876003,-0.902818833405542,1,0
20,1.01561231204989,0.585168587249819,3,0
20,0.150671140947811,0.463190784858747,1,0
20,0.606535854200368,-1.16448686358127,0,0
20,0.20550017794598,0.442064460878624,1,0
20,1.81489823664328,-0.226310415118275,2,0
20,0.128074129445926,-0.0972113547706296,1,0
20,1.35799337241753,1.13904989356233,1,0
20,0.165771840898278,1.0118861884041,1,0
20,0.361075170671668,0.00788578115627512,0,0
20,1.03688047578312,0.0357864228564563,1,0
20,-0.965477140795273,0.265847847357437,0,0
20,-0.868939113227237,-1.70214891833524,0,0
20,0.55526082436092,0.398054413382981,2,0
20,-0.347028720214386,-0.860405746117791,1,0
20,-0.660552915121238,1.13241461620631,2,0
20,0.999427910364084,1.05447897179935,2,0
20,-1.3327942423207,-0.98043917714948,0,0
20,-0.560208718232685,0.472739549210079,1,0
20,0.539756401805355,1.01546161591254,0,0
20,0.332076920141856,-0.0100082564274848,1,0
20,-1.64639803881735,1.06380487635561,1,0
20,-0.0913224953575533,-0.777881855948589,2,0
20,0.367667771858052,0.375980689697909,1,0
20,0.979885824035488,1.19760525057259,1,0
20,0.873677391797224,0.965254312960916,1,0
20,-0.644209054305453,-1.06731752984359,1,0
20,-0.927315009050137,-0.112456302864501,0,0
20,-1.52755119227467,0.184393947082904,1,0
20,-0.387574594575866,0.918802543445614,0,0
20,0.66123729758877,-0.0793507982087798,0,0
20,0.114204619509337,-1.9063298627523,0,0
20,-1.12454342841155,-0.181983358409249,0,0
20,1.19748676153352,-1.75984128807626,0,0
20,0.779513782922278,0.96646151753626,2,0
20,-0.425578874125323,0.896003704607878,2,0
20,-0.944189869791698,-0.36434866784174,1,0
20,0.886393435430746,0.921328033522803,3,0
20,0.445484020023023,-0.0487823788893765,2,0
20,-0.00400510603532185,0.0257143000994913,2,0
20,-0.750410810465353,0.716241795489634,0,0
20,0.504643798551597,0.563269455302888,3,0
20,0.463033291436003,0.786747344242809,1,0
20,-0.460266657464882,-1.02018439560181,0,0
20,-1.49935909456651,0.113969410690036,0,0
20,0.221446878073676,-0.22555548608967,0,0
20,0.0919337201663627,0.392473237952025,0,0
20,1.16708371105347,1.72629558633221,2,0
20,-0.893884793228702,1.22152884688796,2,0
20,0.406755768230194,1.21621533807268,2,0
20,0.678509174980738,-0.122403566943702,0,0
20,0.231218727015469,0.287899708358891,1,0
20,0.162068009914769,0.234260925570302,1,0
20,-0.325949615608768,1.9420482795137,1,0
20,1.14855640893171,0.100545283144718,0,0
20,-1.26555295834367,0.062766837069815,1,0
20,-0.894286133414463,2.2107156246056,1,0
20,-0.0804880795517626,0.443432257566929,1,0
20,-0.107599341541029,1.85791233608085,2,0
20,0.893161097548688,0.105458882188839,0,0
20,0.228097349256029,-0.903653559524268,0,0
20,0.640280191463078,-0.279390937934243,0,0
20,2.297168156084,0.171200045164857,1,0
20,-1.27998025956435,-1.8861936481616,0,0
20,1.23878141408835,1.63301575454753,3,0
20,0.664474088543204,1.67486933785284,3,0
20,2.02319048940039,1.0334441333055,1,0
20,-0.391992358108381,0.954151374061228,1,0
20,-0.3844833941572,-0.0193649222906412,0,0
20,2.2714372301541,0.326195654874046,0,0
20,0.20258500024055,1.40591609377818,2,0
20,0.339060497754311,-0.425576800006634,1,0
20,1.56183680968383,0.839425883666294,0,0
20,0.356745971525201,0.251336017343542,1,0
20,-0.918721449458469,-1.07913363755907,0,0
20,1.10566364311658,1.35050391939341,2,0
20,0.285284485878953,0.346432569393828,1,0
20,-1.09602068766431,0.331399626957385,0,0
20,1.56960285300082,-0.112250125389864,0,0
20,-0.0553977268021988,-1.40182058719098,2,0
20,-1.1398227653519,-2.48911070393432,0,0
21,0.442389458993086,-1.61206180918466,1,0
21,-0.21581214624051,0.10107630628874,1,0
21,1.21274684183058,-0.61032053525992,2,0
21,0.107661156576206,-0.74389870707187,1,0
21,2.40053777824751,0.411991016570876,4,0
21,0.791805548004506,-0.58985647262404,1,0
21,0.52790647388107,-0.609770069243894,3,0
21,-0.846976533980807,-1.45987356113049,0,0
21,-1.79215901583902,1.54985687306207,2,0
21,0.53887352735897,0.112480173759624,2,0
21,2.07450431679938,2.60583213876155,2,0
21,0.0923745346397116,1.47676642718133,1,0
21,-0.208078111441521,-0.548820640723215,0,0
21,-1.58559080953182,-0.39131674392518,0,0
21,2.58296181852133,0.991168157507751,4,0
21,0.0430360649833099,-1.60607858363562,0,0
21,0.294129106025091,-1.26956897327127,2,0
21,-1.33241360978225,-0.625538876592038,2,0
21,-1.07810093523614,-0.0523987397618184,1,0
21,1.54177225545771,-1.03960698675233,2,0
21,0.386902919377335,-0.654874826148663,0,0
21,1.88412103069271,0.245400587449217,1,0
21,0.997751557600147,0.324290994742581,2,0
21,1.42018222800876,-0.462730504380149,0,0
21,1.59104289889591,-1.20232510090868,0,0
21,-0.604535268621133,0.898093827960066,1,0
21,-0.252191857134998,-0.544468645235815,2,0
21,0.251083267763451,-0.255944467595798,2,0
21,1.31176282572916,0.835870798546464,2,0
21,0.77578905626736,0.185014765147984,3,0
21,0.00723576068356014,0.677211408862188,1,0
21,-1.25572900749208,-0.365467771758892,0,0
21,-0.126509727568459,-0.633894300049059,0,0
21,-0.349400880269025,-0.38064839544074,0,0
21,-1.73821110329645,0.0867304099294045,0,0
21,-1.696364616152,-0.0535330860989801,0,0
21,-0.320830843660243,-0.68079756225729,1,0
21,0.932765556186436,-1.32317363186975,2,0
21,-1.40520380580193,0.513468678285164,1,0
21,1.43358921157005,0.398126781230158,3,0
21,-1.09297407629552,-0.262546385860949,0,0
21,-2.117984587725,0.615573093256835,1,0
21,-1.52658932775978,-0.251516699513932,0,0
21,1.07572067875135,-0.76686282752175,1,0
21,0.136324487412608,-1.16124161671005,0,0
21,1.14075854169031,0.0511061726485488,3,0
21,0.644570578274806,-0.123924835271425,0,0
21,-0.677043349987728,0.732117487424755,0,0
21,1.25456421154462,1.2765931302396,2,0
21,1.32146258841667,-1.16453596221841,2,0
21,1.77857331117143,0.188947144663297,2,0
21,0.15493321479087,0.610501138142442,0,0
21,0.38990587804063,1.50993852260095,1,0
21,-1.88025549566932,-1.54710681740247,0,0
21,0.397924343077106,0.220469877138637,0,0
21,-0.546068639172509,-0.262957936600875,3,0
21,0.335637494086822,1.08151976994272,1,0
21,-0.712841577087364,1.1488280942285,0,0
21,-0.410197307373131,-1.92310695677452,1,0
21,1.65275828012836,-0.262264356616067,2,0
21,-0.926153277213294,-0.404546086786898,0,0
21,1.2343609974623,0.0681834689396488,3,0
21,0.0471603772788615,1.90887289016294,3,0
21,0.369239611099052,-0.592977744924487,2,0
21,-1.78788329151402,-0.28747386403044,1,0
21,-0.320702697900466,0.937757991608649,1,0
21,1.83899093860271,-0.860023885450211,2,0
21,-0.910560397443778,-0.369937493963458,0,0
21,-0.0664662974910478,0.492408683723488,0,0
21,-0.652696146691527,0.475823528682142,1,0
21,0.732573463586971,-0.798345149347095,3,0
21,1.56348294255959,0.414696173403282,1,0
21,-0.146117439460197,-0.497935592450017,0,0
21,-0.342928023395695,0.384760648941096,0,0
21,0.027260281442393,1.84271040544616,2,0
21,-0.197812557704695,-0.202029826786885,0,0
21,-0.537271140596648,1.83104023327585,3,0
21,-0.800298178698101,0.915039080706068,0,0
21,-0.753327704680555,-0.830778690307845,0,0
21,-0.538219080091428,1.38693741772429,1,0
21,-1.07011335203179,1.91902662726142,2,0
21,0.173541098278789,0.258179460203362,1,0
21,1.31392315928717,0.814159328462169,1,0
21,-0.80949676936275,0.829670328439774,0,0
21,-0.606862243540818,-0.546035444914461,0,0
21,-0.989972078662028,0.925746223157284,1,0
21,-1.89099711469848,0.00496897185025734,1,0
21,1.32936690689906,0.230413373019352,1,0
21,0.0772240454257129,-1.03876578823324,0,0
21,-0.132512507109917,-0.46227848121545,0,0
21,0.320158452959069,-0.186100104624057,0,0
21,-1.81160836719307,-0.790613170665332,0,0
21,-0.52892751504671,1.45315962434109,0,0
21,-2.30193089939701,-1.36935112905204,1,0
21,-0.403754621983572,1.15863602459347,1,0
21,1.34436931814981,1.84905754861354,4,0
22,-0.227230018581999,1.9506870177652,3,0
22,0.557491078629123,-0.569281935726531,0,0
22,-2.92838224728846,-0.644680218824447,0,0
22,-1.57230162006862,-1.11962582139022,1,0
22,-0.525407590468475,0.959385471683862,0,0
22,-1.54223511123804,0.345655804241412,0,0
22,-0.180391546159569,0.604207041522083,1,0
22,-1.18572248038046,0.464910126296271,0,0
22,-1.3601749324694,-1.09393945097652,1,0
22,0.433074909330334,-0.221652785299758,1,0
22,1.00575425024035,-0.565954525025591,0,0
22,1.2789517194522,-0.106798187116194,1,0
22,0.761213107435148,0.158535286699731,0,0
22,-0.439165448067876,-0.786764401871675,0,0
22,-0.867209441375901,1.03030750167974,2,0
22,-0.143457641175189,0.956864466927474,3,0
22,0.205220067377253,0.00758139964018971,1,0
22,-0.454469991577731,-0.48012210651482,1,0
22,-0.0828331984526332,0.491334019770073,0,0
22,-0.497527534054246,0.680220156662988,1,0
22,-1.3995134146391,-1.42441065608954,2,0
22,-0.905694877272178,-0.966849561570048,0,0
22,0.734197727536369,-0.586655471974826,2,0
22,-0.807052227949167,-1.82062569817713,1,0
22,1.67949794928759,0.0817781200204038,0,0
22,2.15261197226829,-0.283796710098609,1,0
22,0.0439490453956707,0.882908552754193,1,0
22,-0.58178607102555,-1.91494111324465,0,0
22,-1.07143912293185,-0.871724345734463,2,0
22,-0.767083734612592,-1.11805641333041,1,0
22,-1.26066146105162,0.501992792868719,0,0
22,0.880668826017112,-0.469187111596619,1,0
22,-0.061640639240812,-0.164119799063959,0,0
22,-0.0280286195661031,0.566838059629349,2,0
22,0.538583595368507,0.59263862688422,1,0
22,-0.496461494416689,0.498735629361315,1,0
22,-0.85033387252807,0.0622044040342376,4,0
22,0.70651472644613,1.33555309383035,3,0
22,-1.99228692512193,-0.674412534322149,1,0
22,-0.20974077700749,2.12216629682931,0,0
22,0.501146376592937,1.19718953789246,2,0
22,-0.706955101665396,-0.957165994911341,1,0
22,0.820990257962403,0.173489615367313,2,0
22,-0.56950191124114,-0.0940826485332118,0,0
22,-1.68843267165115,0.115378293686806,2,0
22,-0.0763426699965778,0.719347200644803,2,0
22,0.0389010078161968,-1.50287469132375,0,0
22,-1.43699447086449,0.202270548193895,1,0
22,0.730112209238325,1.70550177894774,1,0
22,1.31471170602024,0.880546735577788,3,0
22,0.14684665455106,0.646687127751085,1,0
22,0.596583548152403,-0.0447171343831467,0,0
22,-1.20927274804815,-0.134743407871331,1,0
22,-0.174176740891962,-0.0357701202811796,3,0
22,-0.813975522287098,-1.38910628963405,1,0
22,2.21911217771366,0.618319162550174,0,0
22,-0.712592251293628,-1.82928233367276,1,0
22,-0.293791537381853,-2.37379377149998,2,0
22,0.963065543574416,1.17481203588874,2,0
22,-0.80036718384592,-0.109390300615253,0,0
22,-0.643505603668195,0.041681093365293,0,0
22,-0.698515276942631,-0.18117917380509,1,0
22,0.0319912308923712,1.22820794333678,1,0
22,1.58461646819647,-0.177553809465748,4,0
22,1.0807472871329,1.27702870327351,3,0
22,0.241665643173548,-0.565689163769944,0,0
22,1.29408460825052,1.43763241926909,2,0
22,0.0694011405621648,-0.895968411562102,0,0
22,-0.0867365437783981,-0.392120471420869,0,0
22,-0.959241678560976,-0.415984098210593,1,0
22,-0.919677911278357,-2.01593500626049,2,0
22,0.55191490301928,0.261064334236468,2,0
22,0.479003870268174,-1.1219745511938,0,0
22,-1.70687206236469,-0.0337912793750055,1,0
22,-0.278389884876589,-1.02951667562088,0,0
22,-0.960342702742795,0.349712731224875,1,0
22,1.14792362037412,0.876879082564202,1,0
22,-0.12717044042732,-0.104379069652555,1,0
22,-0.792746759461728,-0.0631306092672608,2,0
22,0.180863489275739,-2.53150031565283,0,0
22,0.0988305960429417,1.0424566052058,2,0
22,0.377568215957598,-0.728286365733836,1,0
22,-0.274500602013388,0.487726879873202,0,0
22,-0.711822482499274,-1.18806794434743,0,0
22,-0.342095859119022,1.42991666354313,2,0
22,0.0256337582538555,-0.510430438840565,1,0
22,-1.91875470545959,0.196634047365234,1,0
22,-1.29412007972836,-1.45418950802171,0,0
22,0.789949215784861,-1.4706054776398,0,0
22,-0.238716967954183,-0.422750246546844,0,0
22,-0.302451117292548,-1.06731677422526,2,0
22,-1.9684834496611,0.175623839987091,0,0
22,0.329805305529121,-1.68425363876537,0,0
23,1.94483363420091,3.39500977173692,1,0
23,-2.35642236657508,-1.87668932170393,1,0
23,0.293640704537281,0.327798952309685,0,0
23,-0.64326959825275,0.0976393044211036,2,0
23,1.12700202757895,-0.00836880770829335,3,0
23,0.569498039363142,0.829786578739601,2,0
23,-0.510342632706939,2.66463926428574,4,0
23,-1.01997453417541,-0.368326783079499,2,0
23,-0.593748315323497,-2.72234203907134,0,0
23,0.0410877865423107,1.42750262782633,1,0
23,1.95177554471944,0.983728887349422,0,0
23,-0.205571061921768,-0.912820807594165,1,0
23,-0.14308941316221,-0.0677610478183727,1,0
23,0.662033392918813,-1.1948459516545,1,0
23,1.05136664039783,1.39124197213807,1,0
23,-1.97644515469298,0.437524503100593,0,0
23,0.143069970544128,-1.10012389174461,3,0
23,0.332514387719978,-0.229385496409831,1,0
23,-0.769568217735034,-0.178006354695083,1,0
23,-0.65239960962129,0.404706465253801,1,0
23,0.161907527879576,1.62805967284653,2,0
23,0.758328661151781,-1.12294574333341,1,0
23,0.930655587562814,0.102545662602315,1,0
23,0.908878012706479,0.717597970051145,2,0
23,0.610729764034791,-1.11238721101979,0,0
23,-0.861309831059247,-0.141331723561517,2,0
23,-0.784560234652926,0.0478439390641046,1,0
23,-0.630407568703402,-0.00149818092676567,0,0
23,1.46022699356703,-0.944750085732259,0,0
23,-1.28383532834001,-1.16218271787044,3,0
23,0.369641873327964,-0.255232597533919,0,0
23,1.23908397232535,1.3469258044772,5,0
23,0.118694762814745,1.67330788456444,3,0
23,-1.158684810135,-0.35092677709333,1,0
23,-0.0171897623058761,-0.0870595436472038,2,0
23,-0.168858439685512,1.62501972162517,0,0
23,0.422652314334519,-0.328086134958192,2,0
23,0.229554290406343,-0.718576249765682,0,0
23,-0.362941564499027,-1.07864061366524,0,0
23,-0.101514076125145,0.512590255354912,1,0
23,-0.240070215882573,0.769064845488875,2,0
23,-1.05508625217627,-1.08931193394549,1,0
23,-1.70694450829024,0.43762192488327,1,0
23,-0.452577368480345,0.549264661399323,0,0
23,1.45552024964847,1.19155010774632,4,0
23,-0.273526371066437,-0.65964658995788,0,0
23,0.6270405350237,0.261566707381217,3,0
23,-0.839406602342266,0.06608590722742,1,0
23,-0.823211591148871,1.14554665305136,1,0
23,0.737376043535401,-0.436433900286289,0,0
23,1.56518385782998,1.63200762104463,6,0
23,-0.407443027787192,1.57708472910322,1,0
23,-0.150981443720525,-0.100139077349645,0,0
23,-0.649155624803285,0.931858175759866,2,0
23,0.124273294093448,0.176722501197227,1,0
23,0.309931789124758,-0.0011532638598033,3,0
23,-0.283225434085666,0.516649259276511,1,0
23,1.26324821997262,-0.548409714654331,2,0
23,1.27747348471869,0.0631726627780801,3,0
23,-1.28700121148027,-1.26789973162059,0,0
23,-0.647118770397764,0.960893352900278,0,0
23,0.855346836025104,-0.0960803472242249,0,0
23,0.880786834405017,0.400429342856438,0,0
23,-1.50397841462419,1.06885176299913,1,0
23,1.22924104321307,-0.641305883310062,1,0
23,-0.939887782086282,0.727900134435146,0,0
23,-0.592862796948395,-0.55931190469352,1,0
23,-0.151373275596103,-0.517621897072225,2,0
23,-0.458323382546597,0.32796219939071,0,0
23,0.115004941475768,0.728115336598832,1,0
23,1.18807159785385,0.810624748427987,4,0
23,0.202077758647844,1.3452446876797,2,0
23,-1.08236646529457,-0.614503165040091,0,0
23,0.196059210171816,-1.5976451110025,0,0
23,-0.97571441010403,-0.507205475057954,1,0
23,0.187678879157329,1.84582003712762,3,0
23,1.72728899125548,0.534343983875011,1,0
23,0.825459577104057,1.42863169841625,0,0
23,1.75150135450012,-0.248772321487993,0,0
23,0.376677935774396,-1.44511019153593,0,0
23,1.17695691590824,0.965351546257007,1,0
23,0.698759476486514,-0.0636350315615739,3,0
23,0.352343980728203,-0.799273850491995,0,0
23,0.738661575325268,0.59346741536172,1,0
23,0.194071560051469,0.224735650815126,2,0
23,0.0218705275565058,0.83733190687223,0,0
23,-0.337113946310945,-0.965629192080883,0,0
23,-0.23524057736235,1.55403326463396,2,0
23,-0.305437925337933,-0.686038534797817,0,0
23,0.647910027941312,1.5042345911108,3,0
23,0.688485710251197,1.51104915191378,2,0
23,0.855347350837328,0.183608921348207,0,0
23,0.00469792538899405,0.177894036294672,0,0
23,1.02946569398903,0.507615448681544,3,0
24,0.35214815310599,0.676519463906177,1,0
24,-0.228093791824386,-0.205120528297228,0,0
24,-1.13728354336498,1.92782579913666,1,0
24,-0.375468151692806,1.52768091027159,5,0
24,-0.897313414021375,0.0860448372920911,0,0
24,-0.0238397223944929,1.5743881722582,1,0
24,-1.36009292483762,0.645768843604853,3,0
24,0.791386268078053,0.327319535126129,4,0
24,-0.0744025846280558,-0.488218491978778,0,0
24,-1.04618695061399,-1.22568184388481,1,0
24,0.554298788879046,1.53113857815657,1,0
24,0.273443874997172,0.0238577499420619,1,0
24,0.071299295744938,-0.620278750415158,0,0
24,-1.62068795400378,-1.05115215427983,0,0
24,-0.243544347779813,-1.65859331815675,0,0
24,-0.714363031532614,-0.552278056213766,0,0
24,0.651025070461893,0.284280186622361,4,0
24,-0.418021059166987,1.37366582415035,1,0
24,0.52862419727482,-0.0164984404305062,1,0
24,1.06189744794208,0.514864415003002,0,0
24,-0.69883432951818,-0.536858429533249,0,0
24,-0.606247502982705,-0.508787789690551,0,0
24,1.21808597017117,-1.03587322672714,0,0
24,2.09548344119345,0.268590870957971,1,0
24,0.668663330633679,-2.27395965175316,0,0
24,-0.89979753811952,2.14331153592263,0,0
24,0.719191402768163,-0.0317870436475068,3,0
24,0.211501173238778,0.137766730865434,1,0
24,0.692983082688155,0.195127069374997,2,0
24,-0.685280084463593,-0.818119223287299,1,0
24,-0.430886842773662,-0.181664621609225,2,0
24,1.0044726151449,-1.55793196044454,1,0
24,0.939684807550214,0.551592631615404,2,0
24,-1.85941587905044,0.823152277371289,0,0
24,-0.831381202405965,-0.290739862891969,0,0
24,0.675323620189095,-0.743641743974741,2,0
24,0.458640176500845,-0.124748540517437,1,0
24,-1.59995832838872,-0.880028657998878,0,0
24,0.0891575118023311,-0.200039035621004,2,0
24,0.81269484817261,0.602542124284142,1,0
24,-0.0854690329868063,1.92562513562676,0,0
24,0.592055627141248,-2.168314781525,0,0
24,0.845650369085759,-1.65042773412787,0,0
24,-0.276411965534059,-0.250754701007048,2,0
24,0.174199496744312,1.75809018581324,1,0
24,-0.210791945700275,0.392603080612501,0,0
24,0.499679971230318,0.255985807195609,2,0
24,0.726286905303421,-0.916131434351584,0,0
24,0.285819691870871,-0.0149085371538068,0,0
24,-1.79368011894121,0.402539904648851,1,0
24,0.821346776088234,-1.31498972385787,2,0
24,-1.33408012594694,-0.065206419032922,2,0
24,-0.906059229816001,-1.12855566146094,0,0
24,0.142693450267325,0.164191842225515,1,0
24,1.68242422158323,1.06456317053635,2,0
24,-1.77970727174738,-1.56568935275571,0,0
24,-0.664270715142735,-0.488178979884622,0,0
24,1.0345203286977,-0.0186938521167163,0,0
24,0.691836649884699,1.01695744104728,3,0
24,-0.732524995089629,0.621788801025377,3,0
24,1.23479573024705,0.617984701298641,1,0
24,1.09514147089666,-0.179439600411601,1,0
24,0.122974731869706,-0.266327106235446,1,0
24,1.15066550967494,-0.945928167454322,0,0
24,-1.10458162183391,-0.246666020105842,1,0
24,-0.962762245700464,-1.12556093160076,0,0
24,0.217577368801676,-0.848292260107576,0,0
24,0.35796243329737,-0.503953494071449,1,0
24,-0.400668499269813,-0.837805016166269,0,0
24,2.10750493283596,2.00359023438637,1,0
24,-0.902764306557891,0.884173804666484,0,0
24,0.0380906596040117,-0.961130103172359,1,0
24,1.58264308199421,-1.18742632395808,0,0
24,-0.403841776737782,0.906731450415461,2,0
24,-1.16686062686334,-1.6658787425384,0,0
24,0.736873532297169,-0.351329228476012,0,0
24,1.0667273270741,0.080340084667535,1,0
24,-0.68359065367895,1.52102665702486,2,0
24,-0.105876627889024,0.909856203361811,2,0
24,2.74360134596752,-0.00313747965222679,3,0
24,0.773638364833711,2.25891818990614,1,0
24,-0.326077549291276,1.10705231897736,3,0
24,0.193278468420973,2.11198401121201,3,0
24,0.385972976497229,0.094153742223646,2,0
24,-0.706795609912078,-2.02268562963254,1,0
24,-0.978902876068507,0.133917456500516,1,0
24,1.45853759038968,2.30263221998544,3,0
24,-1.24449539386895,-1.12594041159673,0,0
24,-0.110684396445835,-0.32246745402506,1,0
24,-0.315572336006661,-0.259607115946825,1,0
24,0.720743608885962,0.676346552522712,3,0
24,-1.30580683265137,-1.80877233321336,2,0
24,2.13316186690759,1.00615825998524,0,0
24,1.14071055062801,-0.132441387060738,1,0
24,1.20202373495335,-1.60084278058056,1,0
24,1.36748894064715,0.47409756986424,1,0
24,-0.703947575485931,2.04171603961763,1,0
24,-0.151322595580047,1.11724064954286,0,0
24,-0.471267937612601,-0.632650812828811,1,0
24,0.0191662467105568,-0.322810976330267,2,0
25,-0.474006249065756,1.4665886861482,0,0
25,1.17403245495375,-0.214692064890103,4,0
25,-0.629868147824856,-0.569234536920912,0,0
25,-0.0997308460444494,-0.766707296588079,0,0
25,-0.566617606718509,-1.23278134135523,0,0
25,-0.422629354875692,-0.676587339337719,1,0
25,-0.134931731397425,-0.627715879277907,1,0
25,0.134718683684377,0.290687789929186,1,0
25,0.542473501509004,-1.33738000270266,2,0
25,0.960760515502172,1.32937190331198,1,0
25,0.336580007287702,1.19324550693152,2,0
25,-0.189049652262714,-0.0198468858730721,0,0
25,0.903205738308517,1.19765876727335,2,0
25,-3.86554090861673,-0.86223790236959,0,0
25,0.350333459575145,-0.632808063564647,3,0
25,0.935235247454909,0.127662060132189,1,0
25,1.14576695911366,0.268061374132896,2,0
25,0.650573505216013,-1.06580668307994,1,0
25,0.988503622319443,-1.36434534654012,3,0
25,-0.694141291787219,0.304081398427641,2,0
25,1.12557837934005,-0.578822275815764,2,0
25,-0.221738623181572,-1.58314579101089,2,0
25,-0.959177183899616,0.324132990175615,2,0
25,-0.0868498148913311,1.0467687670571,2,0
25,-0.830299845431865,0.810069115159784,2,0
25,-1.08672957820565,-0.724239779755297,0,0
25,-0.333910053267831,0.0977675013249882,2,0
25,0.0671463454403435,-0.368697491796394,2,0
25,-0.405376042201765,0.252815239295523,0,0
25,0.298531383062938,1.17035603146674,3,0
25,0.874726823252445,1.58584812023037,2,0
25,1.58786152983756,-0.610232354158631,1,0
25,0.216441851521462,-0.8733989095664,3,0
25,-1.03590562502502,0.0858997381614325,0,0
25,-0.359441348092622,0.549288835316087,4,0
25,1.05024004153934,-0.405730838604785,1,0
25,-0.380207568615898,-0.797171145604347,1,0
25,0.194967914961516,0.175784264095725,0,0
25,-0.617421126179344,-0.462403926775267,3,0
25,-0.961296247026117,-1.09749338852666,1,0
25,0.053135700889231,0.529627134414766,2,0
25,0.950144714038301,0.802233161773579,1,0
25,-0.999765244161777,0.988387110367775,1,0
25,0.133894752440582,1.88952420401232,0,0
25,0.500281989786799,1.01476665364911,2,0
25,0.351270673853698,1.74745758343572,2,0
25,2.32340562253647,1.58484263901455,3,0
25,-0.264166831276718,1.51263635007029,1,0
25,1.31683222993274,-0.623110984263048,0,0
25,-0.143803120810984,-0.733834311586255,0,0
25,2.67935115463978,0.398638278544657,0,0
25,-0.474799987807626,-0.700653944338562,0,0
25,1.94870252375575,1.53649490305263,1,0
25,0.500904448605685,1.2146789791661,1,0
25,1.98251074049559,1.70347378013617,3,0
25,-0.362570999830308,1.03494642957622,1,0
25,-0.0377816720085284,0.297763162027006,3,0
25,-0.641379167591205,-2.36845906603528,0,0
25,0.512680758535695,1.88397294690091,1,0
25,-1.19928298666674,-1.00421975590313,0,0
25,-1.26363945799179,0.854038000563744,0,0
25,-0.403933090260486,-1.36679198941277,0,0
25,0.160216970105963,0.923874119892437,0,0
25,0.36992449714748,-0.118355080932062,1,0
25,-0.281736620474267,-1.64526932335895,0,0
25,1.31943980906091,0.888504891121963,3,0
25,1.02801388682387,1.93106350179287,3,0
25,1.08287605161247,1.02344303674677,1,0
25,0.0226337094825444,0.258847988959881,1,0
25,1.49902620454688,0.749051727489461,1,0
25,0.671729750635021,-2.1219529101812,0,0
25,0.0497731660738783,0.559743516057928,0,0
25,-1.18690892689762,-1.50176794904739,0,0
25,-0.975558650541695,1.99053642581083,2,0
25,1.1714912912991,-1.44661495105345,0,0
25,-0.885905536545113,-2.02859063055553,0,0
25,-0.690262799033725,0.426387955126201,2,0
25,-0.724380443343634,0.559848362887415,1,0
25,0.284774393761935,0.22431686067512,1,0
25,-0.401879916122043,-0.51000149152826,1,0
25,-0.212765792725741,-0.378212336951133,3,0
25,0.417357690247602,-0.226196426476623,2,0
25,-0.981267551383911,-1.76862647821468,1,0
25,0.999222645174736,1.48947107271899,1,0
25,-1.63356801894663,-0.647379136606645,0,0
25,-1.5651565278169,-0.299967768962986,2,0
25,0.355479469235265,0.516859436972585,0,0
25,-0.575576185674288,0.126194862270341,0,0
25,0.812274697148033,1.05962762494967,1,0
25,-1.16576813899841,-1.44235980832301,2,0
25,-0.599329777398417,-0.317338298934312,1,0
25,0.810162550415826,0.515419346630319,3,0
25,-0.614431663439895,-0.653174024147157,1,0
25,-0.65059850612541,-0.163933991591885,2,0
25,-0.329986797341335,-0.498438983637312,0,0
25,-0.676217823426942,0.969261821982803,1,0
26,-0.952939493772662,-0.222976431966366,1,0
26,0.47690712694736,-0.166980742785936,1,0
26,-0.0984635817674642,-0.681016386511692,2,0
26,-0.520483063579033,-0.313523118892931,0,0
26,-1.74521418777181,0.0432445053604136,2,0
26,-0.892333841280499,0.94271854376197,1,0
26,0.534215797768836,-2.21156973476664,0,0
26,1.51214554972562,0.405021538525187,0,0
26,1.26181502981182,0.6359526828186,3,0
26,0.562453256844103,-0.851156016997588,1,0
26,-0.399414459778611,-0.920554581083156,1,0
26,-0.230422709671689,0.753161053303714,0,0
26,-1.46635036220522,-0.0403208155455615,0,0
26,-0.477204158477119,-0.207321039333127,1,0
26,-1.13062513865067,-1.17271843542181,1,0
26,-0.823739853186427,-0.260137952916747,0,0
26,1.05132043308002,-0.900695855460788,2,0
26,-0.394318977107484,0.178382950966179,0,0
26,-1.58597806560498,0.334370240699532,0,0
26,0.686580384122181,0.0679766137957702,1,0
26,-0.606176095854025,-1.91072077639804,1,0
26,0.716421903115745,-0.16458378761364,1,0
26,-0.460903049381395,-0.490326731598542,0,0
26,0.466764384667844,-0.490817093357309,0,0
26,1.91303167995661,0.498529159031623,1,0
26,-1.3735670634081,-1.25382308524795,1,0
26,0.6809798872676,-0.645029715912533,1,0
26,1.25120444531999,0.865670254473529,0,0
26,0.760440868014136,0.598750455419601,1,0
26,2.25860197954618,0.336194259787228,0,0
26,-0.325639270191873,1.00654173745189,1,0
26,0.791782748378833,-0.196729130191299,2,0
26,0.851957209904952,-0.486497293843629,1,0
26,-1.23604699186852,-0.531268812418695,1,0
26,0.110279067295363,-2.28928607673037,1,0
26,-0.298318732698799,-0.257940373628927,0,0
26,-0.210904599393092,0.182336558850584,1,0
26,-0.665426969145074,-1.13533297187398,1,0
26,-0.384316902983939,0.545620837875196,0,0
26,0.506117242557363,0.604649161203434,1,0
26,3.16889355412047,-0.86133658982791,1,0
26,-0.523004837796721,0.520126684304825,1,0
26,1.09651464693488,-0.599920579932586,1,0
26,0.291130198060868,0.0166067463639306,0,0
26,-0.00388450487073222,-0.49271736969733,0,0
26,1.31942766055344,-1.46084849273913,1,0
26,-1.2401712649906,0.190731875129258,1,0
26,0.268974474513534,0.559446927994691,1,0
26,0.366360227511683,0.111043588074259,0,0
26,-1.69298283858504,1.09672350357361,1,0
26,1.71256726231835,0.792376253004328,2,0
26,-0.195422496215171,-0.142232940442133,1,0
26,-0.113078650239913,-0.561180869959086,0,0
26,0.646853385185529,-1.35282384923142,1,0
26,-0.873839815635354,0.579225658635281,0,0
26,-1.34497542125806,-0.837410581982156,1,0
26,-0.189523012452371,0.198149913564485,0,0
26,1.77109971322531,-0.293952573072978,1,0
26,0.236311828126863,-0.430585129773378,0,0
26,-0.152830475311313,-0.0668096199138027,1,0
26,-0.0121981067976446,0.309580517106897,0,0
26,0.610463046939897,1.15537879895471,1,0
26,1.28094161274259,0.210460274102841,1,0
26,-2.75829571250151,-1.16302456638029,0,0
26,-1.68442634465667,-0.236910978567711,2,0
26,-0.244694784202312,-0.376460333305415,0,0
26,0.0447366109867624,1.43800511566836,0,0
26,0.144670942217988,1.53999442101117,3,0
26,-1.2142657865927,1.62340772174736,1,0
26,-1.48083119359627,0.0450258171100002,1,0
26,1.95422008464611,-0.0579118383142358,1,0
26,1.1205810321583,-0.199467018588533,0,0
26,-0.0542739504389774,-1.05881051237757,0,0
26,-0.641667562511342,-1.00661950026701,2,0
26,-0.593505968910634,-1.1634374941535,0,0
26,-0.516619944761198,-0.394890617274871,1,0
26,-0.0275636368238571,0.407117026933534,2,0
26,-0.0397023571444973,0.831953873490254,1,0
26,-0.166791154586678,-0.677489768561412,0,0
26,-0.0798205567845147,0.770373694835591,1,0
26,0.567227446669345,-0.171509726353973,1,0
26,-1.62693950921572,0.413581501531169,0,0
26,0.951748268582664,-0.224305781811793,0,0
26,-0.494249855578088,-1.24661072674654,0,0
26,0.83334559235145,0.677266490817174,3,0
26,-0.133697453263678,-0.29487328381174,2,0
26,-0.717841180602798,-0.816698777510771,0,0
26,0.29308811548868,-1.01877200845185,2,0
26,-0.792872222937536,-0.0597452938815111,0,0
26,0.509571045522811,-0.381622584339579,2,0
26,0.859420347555272,-0.010752710428234,2,0
26,-1.67405698335655,-0.665019171551022,1,0
27,0.120240394932273,0.0769669764286811,0,0
27,0.747774311632107,-0.0456613763342374,2,0
27,1.78652087634328,0.147559646119871,2,0
27,-0.918868309982929,-2.1638325635588,1,0
27,0.66062159021659,0.826190795285177,0,0
27,-0.390074976052511,-0.925096422300958,0,0
27,-1.63303768164006,-1.21311411511395,1,0
27,-0.548326258267524,-1.39745947547347,1,0
27,-0.0725629293072985,0.771388869621528,2,0
27,-1.08359087321666,-1.89683542157368,1,0
27,-1.03714392398162,-0.0945314219188007,0,0
27,0.731757032967696,0.999400909615193,0,0
27,-0.336217806178441,0.434554042709014,1,0
27,-0.741085227630556,0.0108147544894628,1,0
27,1.66368911336567,0.934886519329195,1,0
27,-0.188019128011222,-1.22677336857269,0,0
27,-0.268187895672912,-0.751427522263516,1,0
27,-0.0428991659941011,0.129446922389315,1,0
27,1.01863041867887,0.611795632978341,1,0
27,0.636556237652089,-0.344017403506696,2,0
27,-0.433154127405333,0.293350896758508,3,0
27,-0.450876548809751,0.452286855442427,0,0
27,-1.14377050934933,-0.70376150724809,1,0
27,0.524578359048534,-0.520546514052137,1,0
27,2.08284127906339,0.0367010421885295,2,0
27,-1.68029332434308,-1.07455312246394,0,0
27,0.271040492589909,2.49116379548632,0,0
27,0.0945662687370002,1.14301840141564,1,0
27,0.187098903961691,0.402729575337021,0,0
27,-0.191576357393802,-1.27871476410107,1,0
27,0.594700640579307,0.534808550691526,0,0
27,-0.918811974547584,0.314970706432978,0,0
27,0.439620789742137,-0.125160090655923,5,0
27,0.413052059864621,-0.0528612892705199,1,0
27,1.06077859913658,0.165915388329893,1,0
27,0.889316331172829,-1.2405475414425,1,0
27,0.00628867240614035,-1.27055070210781,1,0
27,0.650524683968871,0.653252739236889,0,0
27,-1.80516006501916,-0.513510419458115,1,0
27,-0.175846617795888,1.39766611263901,2,0
27,0.275963660197082,1.64295067902619,1,0
27,-0.132591913286795,-1.37517096582999,0,0
27,-0.528328091760631,-0.854385356369662,0,0
27,0.069140965115354,-0.185246727902653,1,0
27,-0.354451844124145,-1.29988967277596,0,0
27,-0.0344894343127309,-0.555146012401465,0,0
27,0.189103482073429,0.968033114203029,0,0
27,-0.0727368372708144,1.7925947120791,2,0
27,-1.33544896123632,-0.942382991012291,0,0
27,-0.345252142059328,0.173680797539332,2,0
27,0.0976204127099709,-1.74116365531202,2,0
27,-0.320235727181545,0.0314676352269377,1,0
27,1.13312832610282,0.497253356439062,2,0
27,-0.0712727590966297,1.2299114047147,0,0
27,1.5160746628451,-0.269918125198325,2,0
27,-0.110673168577494,0.958433278577661,0,0
27,0.304933724557353,-1.17832694728326,2,0
27,0.339626148057587,1.57746428723599,4,0
27,0.449494916059768,-0.291256253160761,0,0
27,0.480686822251675,-0.641682218370771,0,0
27,0.765781584416182,-0.542899428700877,2,0
27,-1.05994408765871,0.611339773328784,1,0
27,1.39149268039796,0.950136579833883,3,0
27,0.650636565047263,2.00824911328762,3,0
27,0.304205471385528,-0.786655784742563,1,0
27,1.36390764240706,0.584865153266502,0,0
27,0.181755745014189,0.119373027912707,1,0
27,0.660356770425395,0.557343082158186,1,0
27,-0.0739229716743918,0.49124031303563,1,0
27,-0.416822549790783,0.180867132394347,2,0
27,1.03094283228625,0.236610374232662,0,0
27,0.123700370540361,-0.422206115193039,0,0
27,0.110564090204601,1.50505076728317,1,0
27,-2.01490777021213,-0.549334951712427,0,0
27,-0.738495015109463,-0.251092036370371,0,0
27,0.376171864705016,1.41904882492665,1,0
27,0.839909413924912,-0.238873068969259,0,0
27,0.498474652049914,-0.511142762139686,2,0
27,0.540851418741262,-0.534546555988455,2,0
27,0.763201970623178,-0.34075395887078,3,0
27,-0.25080180854913,0.605994632890917,1,0
27,-0.590078426554466,0.0672954024036819,0,0
27,1.47970800794957,2.09631126971549,3,0
27,-0.628104162375687,-0.750805236119937,0,0
27,-0.858980758848447,-1.19374491242118,0,0
27,1.35633343212281,0.429103925843121,2,0
27,-0.651199910304659,-0.926289652624422,0,0
27,0.492654672629659,-0.785924869602818,1,0
27,-2.05496546841829,-1.87311835762765,2,0
27,0.439886612768413,0.945296740644075,0,0
27,-0.496619644625672,-0.653811598758215,1,0
27,-1.58190171521074,-0.663028971287237,1,0
27,2.90689387816511,0.759350815681073,0,0
27,-0.255133445969758,-0.186556363778266,0,0
27,0.150115367670157,-0.0447066169914325,2,0
27,0.291293967187732,-1.59320514751852,0,0
27,0.0827748455893536,0.0534384909838137,0,0
27,0.142718674456895,-1.19721185658069,1,0
27,-1.1685494291818,0.328796336991436,1,0
27,-0.788652116408861,0.693015180134264,2,0
28,-2.89052446539883,-0.0916663819687423,3,0
28,1.19081614948792,0.58367086589794,0,0
28,-0.259210425581858,0.816535890400852,2,0
28,-1.94535478500645,-1.57171279595353,0,0
28,0.0927270653944807,0.269554552142124,1,0
28,1.06296641011045,0.193987197418712,1,0
28,-0.817936429467712,0.438358937691276,0,0
28,-0.210240692488105,-0.127079054489825,1,0
28,1.07946213049256,-1.81930441199349,1,0
28,1.73094465453081,0.241091121082566,0,0
28,-0.389027576885692,-0.896712731822891,1,0
28,0.281771215127666,0.566848089237448,1,0
28,0.174478198288003,-0.937011048010531,2,0
28,-0.0551753215861757,0.714694903791326,2,0
28,0.1289696750755,0.313330063110196,1,0
28,0.375601096227506,0.262145785088088,1,0
28,0.668116015192859,-0.706828054465173,0,0
28,-1.36787099439397,0.892630498729515,0,0
28,0.24320262111025,1.02532557903905,2,0
28,-0.295906333929854,-1.37794930617131,0,0
28,1.00582837192935,0.0424627348229276,1,0
28,2.92692259813468,-0.703861448677639,4,0
28,1.80241616233158,2.25772267056894,4,0
28,-1.20614502063725,-1.60473924625672,0,0
28,0.724440104077271,-1.33228209304622,1,0
28,1.03115994368857,-0.194813535040914,1,0
28,-0.122129376245747,-1.08914260319736,0,0
28,0.624421961888473,-0.903271664927701,2,0
28,-0.102294369852009,2.04704228655856,5,0
28,1.22765618454058,-2.23609574546759,1,0
28,0.990084402360251,-1.00420529752077,0,0
28,0.239884106030761,0.63496331240348,1,0
28,-1.16755017121137,-0.424617891121087,1,0
28,1.28702953541785,0.796759876881041,3,0
28,0.744994109459702,-0.622376476393748,1,0
28,0.199444086522321,0.414193447112689,1,0
28,0.361941402657516,0.0766555312511416,3,0
28,0.149198199126665,-1.31324175599025,0,0
28,0.971677747534205,-1.75993601721796,0,0
28,0.380625208995261,-0.182909760932364,0,0
28,0.201325114361142,-0.250500040322217,0,0
28,0.124051670241659,0.279162809529208,0,0
28,-0.125170202460527,-0.585458683222493,2,0
28,0.692460571026088,0.172119434010868,0,0
28,-1.15963709419177,-0.983624719395781,0,0
28,-0.823305874903476,-0.263696086788226,2,0
28,0.560666038721564,-1.25994523048763,0,0
28,0.331323402016645,0.436582770278268,1,0
28,-1.50712373314021,-1.35780905446133,0,0
28,1.26027924356044,-0.106238043774961,2,0
28,0.57393879852412,0.68021810199604,3,0
28,-1.09896872909642,-0.553967565100411,2,0
28,-0.586289818600229,-0.159315940389991,0,0
28,0.313685705813004,-0.285949040796076,1,0
28,0.322130624897639,-0.512132562233361,1,0
28,1.02314247817708,0.746805072106785,2,0
28,-0.213755881040529,-0.38257296059844,1,0
28,-0.65601245909392,-0.313163773112162,2,0
28,0.604099438035052,1.03870046072191,1,0
28,-0.549940703155228,-0.165442124753298,1,0
28,2.91944568086775,-0.0440474350327399,0,0
28,-0.734841858376704,-0.366124947430391,1,0
28,1.37514144503997,1.03051032646755,3,0
28,2.02281693092769,1.76309274028987,5,0
28,1.17692995725281,-0.908895422712637,1,0
28,0.166756671073435,-0.660247643427872,1,0
28,-0.152475325571551,1.06968460554308,3,0
28,-2.15298808633583,-1.03537182014212,1,0
28,-0.14313745650202,0.0954443378105342,2,0
28,-0.940967610373071,0.499442219174971,0,0
28,1.20694610096364,0.912037608732869,2,0
28,-2.09685930357834,-0.2537174072078,1,0
28,-0.430877354120697,1.81166515810009,3,0
28,-0.5940866215242,0.0306626332393732,1,0
28,0.0580017421173104,0.459121924732937,2,0
28,0.945053657583502,1.31260433409493,2,0
28,0.657248965277226,0.14211685155995,1,0
28,0.000504941144565984,-0.362418574579541,0,0
28,-0.581139823652522,0.00881563572753384,1,0
28,0.0880323815331607,-0.889199688063698,2,0
28,0.32265675536726,0.705520066976234,0,0
28,-0.325970684547844,0.42347830360095,1,0
28,-0.475811144354829,-0.713536759249395,2,0
28,-1.51653407415567,0.145243955941529,0,0
28,-1.7698134429041,1.2524117376721,1,0
28,-0.0755360670435732,-0.912569850416505,0,0
28,-1.13840896904163,1.25333077175586,1,0
28,-0.461137648838664,-0.663028237694677,0,0
28,-0.183911811185993,0.673148524573026,1,0
28,-0.227753795218319,0.528384730055091,1,0
28,-0.192397948168712,-1.92263337951448,1,0
28,1.18099328386017,1.36140063915592,1,0
28,-0.714339310438188,-1.94411860338222,0,0
28,0.460625285740075,-0.229074121176759,1,0
28,-0.474945540056768,-0.266780134738206,0,0
29,-0.358583245569761,0.0240743564205661,1,0
29,-0.584533657698137,-0.948739513927513,2,0
29,0.520434817842799,2.10601756589891,4,0
29,-1.10548671422238,-0.467535596597378,2,0
29,0.0636540843244685,-0.744312868908534,1,0
29,-0.627051524598842,0.531126916711236,2,0
29,0.794441166742053,-0.618677273384391,1,0
29,-1.15007161042233,0.511101270951619,0,0
29,-0.0770037412987135,-0.0594143494858783,1,0
29,1.52815406320506,-1.32889856811133,0,0
29,-0.33390142830951,1.80886357562881,0,0
29,0.394763424702861,0.222076297863451,0,0
29,1.39410519460938,2.22062212697187,0,0
29,-0.929594919598287,-1.97405584239063,2,0
29,-0.954045210946384,0.335905054527246,3,0
29,1.47274401460276,-1.21791104523385,1,0
29,-1.62426920059764,0.758385444458747,2,0
29,0.260850242484873,0.193767871265432,1,0
29,-1.66168696557466,1.03901587781606,0,0
29,0.464747051712345,0.872627275392465,2,0
29,0.845271028561118,-0.666619226450029,2,0
29,-0.62116120384266,0.295683806285904,2,0
29,0.520359077084109,0.297909593606022,1,0
29,2.25849147074944,0.948472781495781,2,0
29,-0.891175327596457,-0.700949542424688,1,0
29,-0.425778930751442,0.474940554265525,0,0
29,-0.725786396359421,-0.583561694528748,0,0
29,-1.33126589828869,-0.420931234669284,1,0
29,0.285903859981346,-0.0853948419111826,0,0
29,-1.34587097908161,-2.07247412706228,0,0
29,0.546567932169191,0.915791745096884,4,0
29,-2.07834903636374,0.683325985343237,0,0
29,-0.449164639614382,-0.485631137998586,0,0
29,-1.05769495033196,-1.01542750066791,0,0
29,0.945890915665686,0.626286451023354,2,0
29,2.47384527902952,-0.168303081773385,4,0
29,1.16887465649726,-0.301474593588836,2,0
29,-0.345029387459185,-1.25664581481264,0,0
29,-1.05613114475897,0.249934316878767,1,0
29,0.877702874611022,1.55746176762541,4,0
29,-0.688125673215163,1.70072170303054,2,0
29,0.26407805043729,-0.638299522587101,0,0
29,-0.867010130478609,-1.116936491036,1,0
29,-0.388112538492742,0.201436871853308,1,0
29,-0.0609809208012858,0.757632463927744,1,0
29,-0.932651265629647,-0.91396257267352,1,0
29,-0.0682672989703997,-1.40976314257489,0,0
29,0.560007204234722,-0.751525795334006,0,0
29,2.84427298726026,0.854383997131502,1,0
29,0.129815269957751,-0.454072437290082,1,0
29,-0.394914679086411,-0.787108854873771,1,0
29,-1.03775905973566,-0.0241968864482494,0,0
29,-1.19533767730304,-0.2802284269988,1,0
29,-0.331822729655754,-0.715808043182509,0,0
29,-0.777167835664912,-0.802879673580929,0,0
29,-0.737534956403646,1.06650692272221,1,0
29,-0.748063105438773,-0.772849201517385,2,0
29,0.236655121886023,-0.69241568459953,2,0
29,0.403966173316581,1.01355156816354,0,0
29,2.79152077691789,0.0508261024834179,1,0
29,-0.611360716251326,-0.974566314283593,3,0
29,-0.252142745652438,-0.36878329840538,2,0
29,0.50173003425052,1.11580185299543,2,0
29,-0.811594695375802,1.22422704518865,4,0
29,0.9078080541213,1.42320176493109,2,0
29,-0.812394192755691,-1.32376442239978,1,0
29,-0.552116440879522,0.261597594213919,1,0
29,1.34541027427505,0.838921722421397,3,0
29,0.72177578285561,0.170605961083865,2,0
29,-0.454758118557986,-0.552401886729255,0,0
29,0.0403400082523148,-0.652233315545552,2,0
29,0.523782364033303,0.665313411530839,1,0
29,-0.335424472299001,-0.48876208556228,2,0
29,0.681881652953226,-0.579682223254614,1,0
29,1.51995895378088,-0.0222895430466915,2,0
29,1.30489283147361,0.638229097553565,0,0
29,-0.0495217931101533,0.445990050813654,0,0
29,-0.23492030006557,0.456934885519193,1,0
29,0.709470757431625,1.45058418650736,2,0
29,0.913393815386472,0.894151804933275,1,0
29,-0.274318635152461,0.54505657508927,1,0
29,-0.37489221160444,0.898440923061414,0,0
29,1.10177315961881,1.60651315479771,2,0
29,-1.17351077928226,-1.7126495945833,0,0
29,1.55311651435346,-1.49195559057667,1,0
29,-1.13094125127454,-0.62992625080807,1,0
29,-1.98910224328302,-1.22449432160796,2,0
29,1.5473426318577,0.00996148128682983,2,0
29,0.132523958240708,-0.238094128097355,0,0
29,0.818968182837078,0.71738623480659,3,0
29,0.0353696248585207,0.0602056664845023,0,0
29,-1.27085815417803,-0.965319521340319,1,0
29,-2.34584880020987,0.20638775519535,1,0
29,1.02973042746022,0.132278688797267,2,0
29,-0.439572814674687,0.292731685404403,0,0
29,-0.488977845462412,0.21462902436159,1,0
29,0.220575423591998,-1.09111824224671,2,0
30,1.29836509845096,-0.702054115480051,3,0
30,0.506466262853992,-1.13541380982916,1,0
30,-0.969423406869638,0.986878116747595,2,0
30,-1.05302168023847,-1.20420170409935,0,0
30,1.34716379393708,2.23567971487346,2,0
30,-0.473810206565763,0.648138284821372,0,0
30,-0.670464644181739,0.559324071453299,1,0
30,-0.242091318285646,0.361932157657724,1,0
30,0.732719780032778,-0.917149077164952,3,0
30,-0.838353220718275,1.12038265618829,3,0
30,-2.10312874589362,-0.0826773546342244,1,0
30,-0.996738486900594,0.476536198300292,1,0
30,0.250912960228521,-1.19081752003583,0,0
30,-1.89342085313552,-1.30733547494348,0,0
30,-1.19883142816429,0.183062356035053,1,0
30,-1.60351891341294,-0.671486853717959,2,0
30,-0.129427953636103,0.629023637934517,0,0
30,0.377696561751618,0.2828707632727,0,0
30,-1.04358821659636,0.144489252942313,1,0
30,0.409313426618204,0.287916432821362,1,0
30,-1.92028589039117,-0.347070105630718,0,0
30,2.38063203763251,0.848090906566952,5,0
30,0.148805491585754,0.126250938156217,2,0
30,0.127754150884634,0.369718720929684,1,0
30,-0.775221642848058,-1.24907339949459,1,0
30,0.734428510725874,-1.81200939708112,0,0
30,0.80795036139171,-1.26777470072901,0,0
30,1.36673389256162,0.864092328070099,1,0
30,0.531223263758964,-0.306443957632509,0,0
30,0.253149373733327,-0.593421208422468,0,0
30,-0.664182176871003,0.988199884934828,3,0
30,-0.326015197420055,-0.929962916480067,0,0
30,0.797595189360791,0.912545551931324,3,0
30,0.305244515430877,-1.46845503426536,1,0
30,1.6643046883406,1.85232367520423,0,0
30,-1.07994839769475,-0.364684899632405,0,0
30,-0.45888289116814,-1.21240904995239,0,0
30,-1.27445735945262,0.718645243199795,0,0
30,0.670322511816136,-0.522889618998799,0,0
30,-1.35682486258011,-0.446791229782527,0,0
30,0.726767839374196,-0.0593527159068781,1,0
30,-1.11316669285861,-0.286339766097735,0,0
30,1.03270209989062,0.0167073410751619,0,0
30,-0.510841517209407,1.57369945848144,0,0
30,-0.34841304249078,-0.224989306483207,2,0
30,1.49396501467045,0.61818903318769,3,0
30,-0.370202244260078,-0.0574358928670452,1,0
30,-0.262505126782424,0.535916769235841,2,0
30,1.02494167178368,-0.27074335838915,0,0
30,-2.49886954680806,-1.01670384201586,0,0
30,0.706970760345478,-0.485772408883453,0,0
30,-1.23462943438577,-0.574240600971169,1,0
30,-1.85692855915417,-0.369345789655279,1,0
30,-0.525473942200222,1.6912049694738,4,0
30,0.06231381955573,-0.311269186137666,1,0
30,-0.229900818027269,1.56978229859031,1,0
30,-1.22769481383319,-0.950648583108662,0,0
30,2.49541867102706,0.122484109186153,2,0
30,-0.871782157928687,-1.88775175238925,1,0
30,-1.20164866619214,0.269400172659803,1,0
30,-1.3104493424504,-0.981883584284943,0,0
30,0.264903494953993,1.85601601955035,0,0
30,0.422105799539289,-1.12114184970429,1,0
30,-1.35154112742861,-0.844604254292529,1,0
30,1.5087690455873,-1.02417034846405,0,0
30,2.13316127255517,1.20211089319109,2,0
30,-0.223700961012642,0.866757571764697,1,0
30,-0.77762438423363,-0.376795975283833,1,0
30,0.377639057160039,1.40138338307659,0,0
30,0.183850756983799,-0.142878236165573,1,0
30,2.70135037017882,-0.581232081738749,1,0
30,0.937807716178221,1.10095445878166,2,0
30,-0.319430885221359,-0.00751589687144887,1,0
30,0.471417813789193,-0.253449684367065,1,0
30,-0.0138136503815832,-0.406258214368674,0,0
30,2.69683044675903,-0.697011677306528,0,0
30,-0.534552045470701,-0.398988798116963,1,0
30,-0.436776874819425,-0.502469561332654,0,0
30,0.741741866781011,1.50413899864387,4,0
30,-0.218590658389399,-0.523899525786351,0,0
30,0.753321539918899,0.402659896553166,1,0
30,1.27674020102625,-1.16942669466426,2,0
30,0.537849048710316,0.7742195931289,3,0
30,0.492253157649174,0.395920613063994,2,0
30,-0.674279303341048,-1.26904287703572,1,0
30,-0.243735884108827,-0.624857441536931,0,0
30,1.14816893125016,0.539591437358156,3,0
30,-0.683518873687377,0.304044484049174,1,0
30,0.347121659741208,-0.0827850954826164,1,0
30,-0.0512046511002134,-0.0427490058584978,1,0
30,-0.959707044986572,0.288170623610869,0,0
30,-1.3571347717051,-0.379594821895585,2,0
30,1.66192064607909,-0.705656054056366,2,0
31,0.612399582128451,-2.94701241775119,3,0
31,-0.195104252899143,0.396352131506838,0,0
31,-0.485807332532902,-0.870821507181729,3,0
31,-1.22338696784657,-1.31636978451765,2,0
31,-0.690596745454967,0.748172287167842,1,0
31,0.665344964182229,-0.483882889475394,0,0
31,-0.726130716827722,-0.0309387587256634,0,0
31,0.133576368417156,-1.10164528422583,1,0
31,0.141628148499291,-1.35161574976767,3,0
31,-0.0230951830217765,0.0676057330209068,0,0
31,0.125945734142713,2.15737422054649,2,0
31,-0.36764141015129,0.173116343470485,2,0
31,-2.08879287043234,-0.0383985205045297,3,0
31,0.229591355447728,0.0259599870559581,0,0
31,0.810341440683916,0.434581322175261,1,0
31,0.844172877386204,0.667189982404563,2,0
31,0.569861819797704,-2.29866244629308,0,0
31,0.529948887398868,0.279976487244417,1,0
31,-2.16532343794312,-0.33065405870739,1,0
31,-0.00556820017837449,-0.924181231897437,3,0
31,-0.17434164749914,-0.614952715072529,4,0
31,0.504815394496268,0.939325862156757,3,0
31,-0.51415038705472,1.44925452213472,0,0
31,-1.35880553128733,-0.95256578334557,0,0
31,-0.599119779849478,-0.328273031415464,1,0
31,-0.450752792014851,1.05185840925303,2,0
31,-0.255883199404697,0.91715033683641,1,0
31,-0.383098340749977,-0.407526262775272,2,0
31,0.545264011076413,0.296855656931214,0,0
31,0.104265954759462,0.288066703810326,1,0
31,-1.24594618143637,-0.806146925671014,0,0
31,0.0322407517980214,1.07138691074125,0,0
31,1.02400864649834,-0.94125545560407,1,0
31,1.92655284355588,1.700629284665,7,0
31,-1.18316599308362,1.36961222855832,0,0
31,-0.448166176657677,0.000817409024339077,2,0
31,-0.966479038686609,0.138701030096604,0,0
31,-0.211636537735263,-1.5584525918165,0,0
31,-0.533808829680471,1.38481677260156,2,0
31,-1.8065859483826,-0.0158234745634344,0,0
31,-0.928856847593579,-1.78497106632154,0,0
31,-1.86106238379106,-1.10259040284792,0,0
31,-0.0584787732356776,-1.10695569812236,3,0
31,-0.114115970981801,-0.677733226775,2,0
31,0.337345795143834,0.799512882494458,1,0
31,0.779471356826642,-0.681092580773025,1,0
31,-0.494997104368893,-1.46004407583643,1,0
31,-1.47433383168211,-0.524020974152102,1,0
31,0.888500496540589,0.285023630039108,0,0
31,0.824478016212491,0.462161643903739,1,0
31,-0.876794449287129,-0.342761598669562,1,0
31,-0.0382320475435183,0.501612801716371,0,0
31,-0.802044086437651,-0.518711999350883,2,0
31,-0.168938705818903,-0.0408204678967679,2,0
31,-1.34346591864177,2.01728396367616,0,0
31,1.09626317614176,0.0890581538889454,2,0
31,1.11645558012026,-0.45859657022914,0,0
31,-1.86304683130593,0.708710485385009,0,0
31,-1.2161733580302,-0.611994158379995,1,0
31,-1.15921225156599,-1.23316175570206,0,0
31,0.587130114674777,-0.541261416049694,1,0
31,-0.194782580546506,2.00259658158405,0,0
31,0.308910290921208,1.09134271600122,1,0
31,0.555882230813584,-0.694911687417223,0,0
31,-1.8139889841073,0.0572622901847349,1,0
31,-1.08711689939922,-1.8906874135842,0,0
31,-0.676388194500766,-0.596828767712227,1,0
31,-1.17879735375441,-0.513589229647203,1,0
31,-0.370252442748337,-0.600085342897365,2,0
31,1.77201871433232,1.44766685594993,3,0
31,-0.0569452553431546,-0.762565105985322,1,0
31,-1.72014897011037,-0.921018529394825,1,0
31,1.78792665191334,0.739108636454334,1,0
31,0.147231669751443,-1.11014104148127,2,0
31,2.2870926269121,0.622504092799784,0,0
31,0.395646527421607,3.3233322910228,5,0
31,-0.556120524795936,-0.521761312603254,2,0
31,-1.08695096311945,-0.531465364705386,1,0
31,0.485989766113013,1.75189621451053,2,0
31,-0.76217978425967,0.34323717791042,1,0
31,-1.77535907958187,-0.848047610522084,0,0
31,2.38681429185904,-0.0177174656141488,0,0
31,-0.179485689710309,-0.643104476892438,3,0
31,0.455645130215968,0.315858931363123,0,0
31,-0.624745947940191,-0.653704832237355,0,0
31,0.42866236642601,2.66404429446459,0,0
31,-1.4856069732634,-0.625583556538954,0,0
31,-0.149839034947393,1.07733727279335,2,0
31,0.453688493351447,0.586840533039453,1,0
31,0.349481477486712,-1.90649789928135,0,0
31,-0.0798219084201792,-1.20517070823952,2,0
31,-0.705145497922382,-0.723934636604263,1,0
31,-1.57032582105303,-0.206063650142331,1,0
31,0.767811950019053,-0.86922057847954,3,0
32,-0.31683011726192,0.521501769360859,2,0
32,1.18429819164474,0.148863260162884,0,0
32,0.797557349292,-1.25494622671649,2,0
32,-0.358572397746792,1.37250121069391,0,0
32,-1.31808004500768,-0.663643759102939,0,0
32,1.72047327199678,0.981469520681726,1,0
32,-0.62559276865844,-0.681296881720034,0,0
32,0.292625081984918,-1.29184641926353,0,0
32,-0.803477186334215,-0.0975500436548699,1,0
32,-0.592766556269119,-1.10002278698959,2,0
32,-0.0814820459516523,-1.36648560144627,1,0
32,-0.276558043068386,-0.391370675349658,1,0
32,-1.23016154450073,-0.136366419971725,0,0
32,-0.0629551624835634,0.534711800769526,1,0
32,-1.23311383604252,-1.35105641792157,0,0
32,-0.819802898498762,-0.55438731219317,0,0
32,0.486814701809245,-0.470766397105121,1,0
32,-0.00435319288967848,-0.00638979953433955,2,0
32,1.19732118245812,-1.84083754364705,0,0
32,-1.62769702869265,-0.979504781838951,0,0
32,-0.0477669307447724,0.915961340185388,2,0
32,-0.441199549511401,0.335550350381947,0,0
32,-0.353969527056414,1.25712778105268,0,0
32,-1.06866140384796,0.168305146137754,1,0
32,-0.571769721184914,0.184208929520778,0,0
32,-0.917259627572505,-0.685646813990153,1,0
32,-0.00391120488683823,0.939287097295944,0,0
32,0.0604662840016538,-0.241359628413991,0,0
32,0.758111351973456,0.393899404501361,1,0
32,-1.35408817046109,-1.38512231124586,0,0
32,0.385110751484333,0.492056943300105,4,0
32,-0.930063356599863,-1.05834290711279,1,0
32,0.283910669055911,1.90581795348284,1,0
32,1.06831280821506,-1.58982485006413,0,0
32,-0.96622154853519,-0.386493462215137,1,0
32,1.16025174268812,-1.80772862495817,0,0
32,-0.673806610445763,-1.92688835562345,0,0
32,0.728710333480138,1.89707736084625,1,0
32,-1.29534763247174,-0.00579234649809807,1,0
32,-0.572185268148009,0.462545284676352,1,0
32,-0.289227279913065,0.544209538274713,1,0
32,-1.3640792202136,-0.216108641652607,1,0
32,-1.24593427507207,0.693050370093512,1,0
32,0.807644150418,2.38433361191316,1,0
32,-0.337548379212411,0.429912678504753,2,0
32,0.265285716191766,0.225774699472777,0,0
32,0.849045979761795,0.140134692595781,0,0
32,0.544617287568695,0.313303133657571,1,0
32,0.848497554799314,0.822553467844862,1,0
32,0.864129443992239,0.711189277196267,2,0
32,-0.742247409711307,1.8113431693569,1,0
32,-0.334878111808226,-0.584074408380458,0,0
32,0.75944435482127,1.04489012791731,3,0
32,0.517780881185738,0.626586217508423,2,0
32,-0.00949994384178708,-0.00958045186293618,1,0
32,1.74185097784356,1.43218433526846,1,0
32,-1.66509577358183,-0.0614944981597772,1,0
32,-0.477790012054302,-1.67910290201178,0,0
32,0.799305095523153,1.17077783547702,1,0
32,1.92874736584839,1.61946969129054,1,0
32,-1.43820857211221,-1.12914454613551,1,0
32,0.663786932987338,-0.0865778898542256,1,0
32,0.448282052873706,0.248090786804633,1,0
32,0.70519225593496,0.442644740026932,0,0
32,-1.11055652981126,0.0568801566563739,0,0
32,-0.299828087274347,-1.74227647809038,1,0
32,1.08974780727691,0.7195829150011,1,0
32,0.618682592019099,-0.661631873977769,0,0
32,0.962326847941332,0.0691951080319887,0,0
32,-0.129129565670494,-0.740877917396208,0,0
32,1.21110514330684,2.22818294034674,2,0
32,-1.61937608378845,-0.430656124794451,1,0
32,0.198669282887197,1.52067721134181,3,0
32,0.493575536396314,0.245187618936307,2,0
32,0.0127073349378772,-1.33999790743243,1,0
32,0.618938433056655,0.790952003737911,0,0
32,1.21569134054676,0.230350299878658,1,0
32,-0.465182765989825,-0.746427628931657,1,0
32,-0.561441369910573,0.332093429565171,0,0
32,-0.436725871746255,-2.61013006936788,0,0
32,-0.6464387188004,-1.09953016885867,0,0
32,1.60807584961534,0.608795872981234,0,0
32,0.700630932934605,-0.228986772143636,1,0
32,0.561506650436641,-1.35965944140373,0,0
32,0.714315414016957,0.39293039142788,0,0
32,-0.441524249032843,-1.20649282784192,0,0
32,-0.535940039784155,0.164605278046427,0,0
32,1.97566613472816,-0.354561435944685,1,0
32,-1.47291782502655,-1.9258771355475,0,0
32,-1.41525585304765,-0.95197492261961,1,0
32,1.60093107385275,0.209398786694232,1,0
32,-1.20460020964387,-0.365968413443767,1,0
32,0.603283773299096,0.638543106236153,0,0
32,0.0460712531349738,-0.191086441811326,0,0
33,0.391737141161197,0.726789106568645,2,0
33,0.621612218022764,-0.428317517023726,1,0
33,-0.421477485573075,0.970405323881277,1,0
33,-0.855937407777979,2.16570990479256,0,0
33,0.0637181126095079,0.59136046772993,1,0
33,0.714343922610695,-0.215015241732547,4,0
33,-0.130234373340756,-0.229500569832126,2,0
33,-0.765618230115089,-0.646498601984463,2,0
33,1.60997066538343,1.34562128089551,1,0
33,1.22582874876725,-0.404717160065903,3,0
33,-1.79550983734284,0.451279430904193,0,0
33,-0.394544017932371,0.0379969645848816,3,0
33,0.321431665487834,-0.0337302862841846,2,0
33,-2.05108873537196,-1.07110113105435,1,0
33,1.26870138267745,-1.1777877060119,0,0
33,1.15726837760775,0.6648305991814,0,0
33,1.02814594815361,-0.289561592834449,0,0
33,-1.04070004481023,-0.716070240116245,1,0
33,0.374013507501524,0.0477680189749114,2,0
33,-0.0644125622862298,-1.37009318961903,1,0
33,0.676694017871401,-0.444568549007194,1,0
33,-0.389565749367342,0.00422521261974311,2,0
33,-0.542571873322417,0.777348058153532,0,0
33,-0.78872103197622,0.763647966328637,2,0
33,0.82310521576061,0.26648269444995,0,0
33,-0.503050129127001,-1.18804256505532,1,0
33,1.09512322429416,0.431328283369812,1,0
33,-0.199867489240462,-0.311818188158669,0,0
33,1.85704035443376,0.154965940577135,1,0
33,0.634118378187873,-0.380535618830107,2,0
33,-0.525311735162722,-1.59242672218262,1,0
33,-1.77615327105968,-0.00354731662839582,2,0
33,0.739822259927157,0.909217444965255,1,0
33,1.05063260304897,-1.83115246781856,1,0
33,2.01136457626917,-0.231684263724836,1,0
33,-2.30988781167755,-0.0165597628599917,0,0
33,0.246109635467682,0.526031736449026,1,0
33,-0.434001894667206,2.10915487937705,2,0
33,-1.86864855236911,-0.556378372154507,0,0
33,1.71138487303423,0.113593538831207,1,0
33,-1.44387646428262,0.468564370915297,2,0
33,-0.017986650490129,1.0812914193695,2,0
33,1.06852041411503,-0.867186567757454,2,0
33,0.413741025671247,0.847201770953298,0,0
33,-0.305151714688259,-0.662161767192113,2,0
33,0.910751763741745,-0.135570984460054,0,0
33,1.16713956268412,0.830014418832395,1,0
33,-0.161386712103579,0.106174037376884,0,0
33,0.81717815519497,-0.0331074483822926,1,0
33,-0.662335867137465,-0.0275231585925256,0,0
33,0.356284382218441,0.0173219595573915,0,0
33,-0.565458414318489,0.885311194454556,2,0
33,1.15303540777643,1.33840461623579,1,0
33,-1.31191719583408,-0.926935028681959,0,0
33,0.555751191966697,-1.17237416504964,0,0
33,-0.143802233949243,-1.00461650787559,0,0
33,-0.845029941882323,-0.512306156369799,1,0
33,-1.6389978658407,-1.46727756892731,0,0
33,-1.36144356774144,-0.0358732371194721,1,0
33,0.213576300348978,0.947977167379079,1,0
33,-0.429047347584121,0.284162817855977,0,0
33,-0.364058278044816,-0.192356828535063,0,0
33,-0.784936050973798,1.07403538150743,1,0
33,-0.694608127775282,-0.612125124729287,1,0
33,1.3718376809402,1.79476744361158,1,0
33,0.108017417826284,1.48101473985802,6,0
33,-0.518602400666393,-0.0830954663431224,1,0
33,-1.26479548399693,-1.42246336482662,1,0
33,-1.33152652445908,1.93710893213061,2,0
33,-0.24708146324053,0.617037901961621,1,0
33,-1.18670105021141,-0.931168689182418,0,0
33,0.42024560829617,-0.525701215837481,0,0
33,-0.0350893969222487,0.479242199785265,1,0
33,1.10431437226616,1.05283314963737,3,0
33,-0.0468242471504695,1.19786168140366,6,0
33,-2.05705141368306,-2.60515198848196,0,0
33,0.270354467684028,0.884286708517328,1,0
33,-0.8472321180311,0.859514221964864,0,0
33,-0.150619632356182,0.255091790688024,0,0
33,1.88087411825722,1.83589690615747,4,0
33,0.177603396806578,-1.36262634163274,0,0
33,0.36497787582706,0.90770885612195,3,0
33,-0.287220562606118,-1.12694659724872,0,0
33,-0.948875365628453,1.16021454935552,0,0
33,0.369233997577849,1.35267759103317,2,0
33,-0.11935217904925,-0.0232874142346521,0,0
33,1.1067959633356,0.0957497871152567,2,0
33,0.74046881389767,0.787026324314174,0,0
33,-1.15987742361871,-0.753007672589622,3,0
33,-0.272161345295759,2.2940320672365,1,0
33,0.25128636685307,-0.782690984666012,0,0
33,-0.339250803377808,0.746754951505691,2,0
33,1.63732926783222,2.68228469504549,3,0
33,-0.255672204403862,-1.0763406819717,1,0
33,0.378783453201431,-0.681429961542826,0,0
33,-1.36030506341497,0.605680122443744,0,0
33,-1.4470671023048,0.0502925406595107,0,0
33,0.83125835207888,1.51270307758678,1,0
33,0.175131294031225,-0.771343285537535,0,0
34,1.38294143440548,0.0537665972819381,3,0
34,-0.626909234769461,0.647853597469395,0,0
34,-0.665434134893435,0.389144628878899,0,0
34,-1.60474058893631,-1.61496700658291,0,0
34,-0.713807115254321,-0.465610970816751,1,0
34,0.0982764047163509,-1.26510973052783,1,0
34,-0.708603257433961,-0.287410936353645,2,0
34,1.51950606934569,-0.550586830060112,1,0
34,0.0777287881116567,-0.515086152842905,1,0
34,-0.753234674327721,0.475628502609513,2,0
34,-0.104237426534479,-1.26078470120377,0,0
34,0.855224418640053,-0.282079708625882,0,0
34,-0.567671103296964,1.6762012977403,2,0
34,2.6650742394274,0.317119434489838,1,0
34,0.904368776672303,0.621259375933043,1,0
34,-0.408095685199033,-1.76691179785955,0,0
34,-0.614447203001841,-2.42029297917902,1,0
34,0.269636381398772,1.58469250800952,1,0
34,-1.38209861778736,0.19653052990826,0,0
34,0.418929648661401,0.357025422466647,1,0
34,0.41663388672994,-0.11782739559266,2,0
34,-1.67664174912712,-0.0474110028834484,2,0
34,0.605379204571992,1.05070136788694,1,0
34,-0.306840213422163,1.39444016435045,2,0
34,-0.349926408252001,-1.07959223046804,0,0
34,1.55510028211763,0.0817446740813372,0,0
34,-0.480026657024067,-1.62266483626587,0,0
34,-1.77371790748717,-0.966552604671646,0,0
34,-0.877689963396384,-1.67378493423266,0,0
34,-1.30446023413395,1.61925979180177,0,0
34,-1.30212933091793,-0.302385351355984,0,0
34,-0.31780567619276,-1.61231989342921,1,0
34,-0.969872749322733,0.21106227285559,1,0
34,-0.606852479971033,0.897722799142029,0,0
34,-1.17945554373836,-1.22189848834458,0,0
34,-0.753854484929751,-1.17064296754443,3,0
34,0.0899125374689333,-1.09807927250072,0,0
34,0.788570752673076,0.0967193965554267,2,0
34,-0.395393349839345,0.752641714048932,2,0
34,0.394719426552475,0.0376224721517801,5,0
34,0.906705937904793,-0.048835369706386,3,0
34,-1.02530924733045,1.82118466956242,1,0
34,-0.810212340213921,0.387949270915308,0,0
34,0.969774552975499,0.713821232593527,1,0
34,2.26405395781313,-0.945345131695527,2,0
34,0.266021214683412,-1.5603800170847,0,0
34,0.310289819432708,0.0308139084704431,1,0
34,-0.0930047057242113,1.21238733425906,2,0
34,-0.655752493044328,-0.87672721303317,1,0
34,-1.53858486570482,-0.689185950925936,0,0
34,-0.807786705260842,-0.638231456445435,0,0
34,0.424570266661892,1.00037361886919,3,0
34,-0.212498441740797,-1.22487157175098,2,0
34,-0.27950947035759,0.891896997381078,1,0
34,-0.726722303905532,-1.94411109655233,1,0
34,1.30950325381904,1.14096721118244,1,0
34,-0.522200699420483,0.258816136570348,0,0
34,-0.732632692746163,0.0417654331335613,1,0
34,0.248906053361265,0.200688290725979,1,0
34,-0.9387311620586,-0.385736392618439,1,0
34,-0.479507827903384,-0.0102123187022552,1,0
34,0.064651112549946,-1.54720586169229,2,0
34,0.606669443937114,2.48004918457431,3,0
34,0.8384806355,1.79314832292085,2,0
34,0.286832870218343,0.434450467659665,3,0
34,0.875947092487154,-0.338965318669662,0,0
34,-0.142080947047424,-1.41587980966766,1,0
34,-0.404490004613771,-0.88955538191278,0,0
34,0.550767799472206,-1.76901872116599,2,0
34,-0.349443357077249,1.31689283648423,1,0
34,1.08811854236844,0.340758295758345,1,0
34,0.509880941905188,1.39510032089236,3,0
34,-0.46799227200596,0.299283662934011,0,0
34,-0.413273043871204,-1.88562368730655,0,0
34,0.917311037132553,1.63808511500453,2,0
34,-1.31781592978623,-1.906443971601,0,0
34,-0.143873765486295,-0.351785544077062,1,0
34,0.132536992952872,1.03218071510897,1,0
34,-0.220664775879453,-0.0739996684413297,0,0
34,1.68618030556322,0.0360649592052951,3,0
34,1.07521169793424,-1.09984993948229,0,0
34,-0.6785156612748,-1.41541781165869,0,0
34,-0.996201656187699,-0.237753657851362,0,0
34,-0.226397912415023,-0.68851858596121,1,0
34,0.376670865642615,-0.702578078149111,2,0
34,-0.680478383544658,-0.0423822823798881,4,0
34,-0.308991898569853,0.748316719534886,0,0
34,0.908989798027961,-0.284923316439502,0,0
34,-0.00210050431100939,0.745052290414736,0,0
34,-0.0324942165264422,-0.66047353261528,0,0
35,0.175216785809297,0.543562674214603,3,0
35,0.527886670929456,0.00822529036010879,0,0
35,0.714238122253505,-0.17290075965611,3,0
35,1.13508082991477,0.0613799686242306,3,0
35,-0.102112874026006,-1.27366162310132,1,0
35,-2.17181909347772,0.45971446484161,0,0
35,-0.425392097613204,-0.906012113187427,2,0
35,-0.117917600716545,0.65824498890545,1,0
35,0.156525453239974,-1.4238715849855,0,0
35,0.436095833724222,0.249742617392016,0,0
35,0.810170344954588,1.04053726396856,1,0
35,1.2947865981961,-0.0363255283752585,1,0
35,1.90103442927351,-0.824308791244584,0,0
35,1.00943737666738,-1.35547177899753,0,0
35,-1.01487315872204,0.190300868198633,0,0
35,-1.90298999949364,-0.959227924930553,2,0
35,2.42301356434266,1.8391586927904,3,0
35,1.15048968190894,0.602556164667398,0,0
35,2.42825403165079,0.0314770109664362,2,0
35,0.497000013713039,-0.408510067015521,0,0
35,-0.144283216224893,0.310349626846551,2,0
35,-1.49086202758989,-1.9241439612141,0,0
35,0.406956907182718,0.853839903485209,1,0
35,0.621892284982571,-0.157120272180816,0,0
35,0.412908684735894,-0.0543181139798951,1,0
35,0.24866732865937,-1.15173033559706,0,0
35,0.57653299013852,-0.236707004493594,0,0
35,-0.891585762810594,-0.173935854557118,1,0
35,0.0205630359726421,-0.727499403367952,0,0
35,0.449031621099434,-1.39603552721213,0,0
35,1.1376292625461,1.09666227095557,4,0
35,-0.356324987311529,1.24378915995351,1,0
35,0.502130441089607,0.165324722791291,3,0
35,0.315815764911381,-1.48547811393777,0,0
35,0.747315108330964,-0.560803050249838,1,0
35,0.61800811222781,0.348363439893836,3,0
35,-0.69197288757652,-0.501821363171176,1,0
35,-0.215208566859024,1.05991532929728,0,0
35,1.15561916668814,0.223888859730547,3,0
35,0.547649478869686,0.0474379348111185,1,0
35,0.944266518215864,1.7323209669661,1,0
35,0.930989099917198,-0.412315728898016,0,0
35,-0.211918806334951,-1.32622336211115,1,0
35,0.0726585520045816,1.88370764139886,0,0
35,-0.613329534296558,-0.817465267654951,0,0
35,-1.05721508785299,-0.464137470044375,2,0
35,-0.740178688503721,0.0978416863639787,1,0
35,-0.580306876003517,0.420362931004638,1,0
35,-0.316909942193616,1.31702497073176,1,0
35,0.247649456211636,1.70422421148793,3,0
35,1.76233797393184,0.703224285348109,2,0
35,-0.232079192679864,0.169567179378682,0,0
35,-0.589915806283299,-0.0293999347518209,0,0
35,-0.152196137969124,-0.65565371773958,2,0
35,0.564672958888021,0.657073644783124,2,0
35,-2.18177758647513,-0.837733668703967,0,0
35,-1.49532818257169,-1.99666282755309,0,0
35,-1.41970279235705,0.102896845568599,1,0
35,-2.2360909179969,-1.6006730511461,0,0
35,1.19549398232479,0.473124152771547,2,0
35,-0.941348855703301,1.11632012286774,0,0
35,-1.67753347231396,0.228983333960432,1,0
35,0.0275650483614529,-0.403518080933406,0,0
35,-0.838220090721382,-1.63201268494803,0,0
35,-0.063528078342684,-0.00508821674389347,0,0
35,0.0458822439029601,-0.68926835543412,1,0
35,-0.704180637225166,-1.5549034779776,0,0
35,-1.369954875725,0.223266858155176,1,0
35,0.403298898866338,1.62175801033585,4,0
35,-0.014011151021908,-1.64646858967061,0,0
35,-0.00421667489055429,0.603743639117842,0,0
35,-1.41445559330578,0.42036059201075,1,0
35,-0.288251460279543,-0.893879522168604,0,0
35,-3.31360258101892,-0.531849651500136,0,0
35,-2.13130292407111,-1.11647404523951,0,0
35,0.0467764565834675,0.214778289461797,1,0
35,0.492002551271828,2.19097508898369,2,0
35,0.590311117786216,0.301858357660652,3,0
35,-0.0522705535906758,-0.923801922060939,0,0
35,-0.411007014755824,-0.263012618631586,0,0
35,-1.32735492848085,-0.360130109141534,2,0
35,0.350006263546479,-0.664843381101408,2,0
35,0.757789744112278,-0.502781583466405,0,0
35,-0.0392917227349817,0.3153966709064,0,0
35,-0.4658728985416,0.965272536889979,3,0
35,-1.26786534608801,-1.14192156247386,0,0
35,-0.800067539354641,-1.65980052030631,1,0
35,-0.0851355519819757,-0.507533473953491,0,0
35,0.428374906128583,0.605380272332623,3,0
35,-2.07399328415715,1.40413773379557,0,0
35,-0.434094196423345,-0.00484696590470521,0,0
35,-0.4177404001814,-0.0619226688315441,0,0
35,-1.76754545682864,-1.97193849673538,0,0
35,0.135485652600411,2.57367116453302,1,0
35,0.251489459911102,1.8397990840711,1,0
36,0.351154518960981,-0.147535247135183,1,0
36,1.93291492376849,-1.41750869163008,0,0
36,-1.81834273640817,0.170333209663317,4,0
36,1.18735145018062,1.37078823964595,4,0
36,-0.10963220824335,0.937392704504769,0,0
36,0.178107012203538,-0.428378522854249,3,0
36,-1.27370348187481,-0.667715565382754,1,0
36,-0.395681079085632,1.00483677564276,1,0
36,-0.0618868391825671,-0.176899044171588,0,0
36,0.556317330489422,0.0810030912169442,1,0
36,-0.405477077848556,-0.170204984092166,1,0
36,-0.0785502949139337,-1.61614570554888,2,0
36,1.58357048711928,0.665309740818533,1,0
36,0.127573829434096,-0.650204152775001,0,0
36,-0.0847816205400096,0.685841814629595,0,0
36,1.63823185944592,0.387898721320404,1,0
36,-0.312894502245025,-0.337428584113567,1,0
36,2.25173675681902,-0.789838175953863,0,0
36,-0.24015325620279,-1.69899225670351,1,0
36,0.929957103604965,-0.212715904806794,2,0
36,-0.195351972090328,-1.05687611339316,0,0
36,-1.62808994800704,-0.725569769384581,2,0
36,-1.62988331764586,0.0905386324674548,0,0
36,0.433019036767922,1.18230876114064,1,0
36,1.55545432528621,0.268001089928809,1,0
36,-0.254408356045164,-0.813880553374893,0,0
36,1.21731622136467,-0.843090874019631,2,0
36,-0.551336037084616,0.346611537836918,0,0
36,0.988144380134433,0.739601050689862,0,0
36,0.292980849426373,-0.290229631952724,1,0
36,-0.409995581960124,0.360106549031675,1,0
36,0.752932689111646,2.19226526308502,2,0
36,1.11376347973093,2.8583933086376,3,0
36,-0.733998038725507,-0.714902191620983,2,0
36,0.943403391562109,-1.13993534501482,1,0
36,-0.901533787303698,-0.0866436833468327,0,0
36,0.694259109600634,1.94033178256158,2,0
36,1.1538060462979,0.516159890488232,0,0
36,-0.861433908062883,1.57535624129118,1,0
36,0.922701229299275,0.0334288368782298,1,0
36,-0.0876204417124351,-2.04043878200331,0,0
36,-1.53801203360555,-0.821001419434379,2,0
36,1.19779114273249,-0.285551890696051,0,0
36,0.297089613492182,2.24378478174337,4,0
36,-1.67273803932419,-0.96724573926876,0,0
36,-0.454673470781906,-0.393462950088026,1,0
36,-0.466664787519537,-0.0858171977329073,1,0
36,-0.252930196262608,0.636053310852304,0,0
36,-0.969920351975258,-0.535429292090722,0,0
36,-0.154255201655777,-0.241486143960536,0,0
36,0.831581617262124,-0.337902914008586,0,0
36,-1.41269173111881,0.524900395789061,1,0
36,1.22513819066977,-1.5387170124429,0,0
36,0.509442530492932,-0.51863059374711,2,0
36,-1.49542226888844,-0.512530599458754,0,0
36,-1.14419667639598,-2.15480284967096,1,0
36,-0.783351268592779,-2.75368828827698,1,0
36,1.63697477079935,0.361892179161953,2,0
36,1.22320613137203,-0.604202199435458,2,0
36,-0.582807754987538,0.777912782281442,1,0
36,-1.98121899054315,0.510320424814314,0,0
36,-0.218734603784783,-0.712521553991903,1,0
36,2.74047759701646,1.06898645924127,2,0
36,-0.0699558363156154,-0.32799158029091,2,0
36,-0.34242690118645,0.0964329516532566,0,0
36,-0.633702901246568,0.785750720799636,0,0
36,0.341861226352877,-1.24839374610379,3,0
36,1.43792430228454,1.27258152111257,3,0
36,-0.39698814074652,0.285316823473576,1,0
36,-1.07780332025757,0.757983526785058,2,0
36,-0.0909851573178055,1.78980887218681,1,0
36,0.613268214163922,-1.13255867647052,0,0
36,0.134249496335817,0.970372779710042,4,0
36,0.635647670915804,-0.777205704097747,2,0
36,-0.629803617469389,-0.0966754195334317,0,0
36,-0.712658832353676,-0.195057455891719,1,0
36,0.199087050750604,1.36423544571507,2,0
36,1.20470824732292,0.653622923977231,1,0
36,-0.832598099609737,-0.467650721172862,0,0
36,0.464435661986151,1.78426998858747,2,0
36,0.552056704323796,-0.170571979938819,2,0
36,-0.175045399920316,-1.3925586418063,0,0
36,-0.656014612304485,0.297386584541166,1,0
36,0.641602563369713,-1.80466526098035,1,0
36,1.27043660146583,0.0323438115103559,1,0
36,-0.47281446268527,1.78863675883182,1,0
36,0.222065721030934,1.65597611147403,2,0
36,0.97035555197443,-0.51242281637344,1,0
36,-1.35495508456131,1.47768586541255,1,0
36,-0.024813721543553,0.657944165295217,1,0
36,0.138476254185102,-1.45819339035461,3,0
36,-0.188655231417043,0.982220585483965,2,0
36,0.724100103305513,1.37307630960693,0,0
36,0.0818553850316163,-0.257685746519263,1,0
36,1.04089471923989,-1.14837223814755,0,0
36,2.08533707997367,2.4370853130653,2,0
36,0.085149472401405,1.42174379423677,1,0
36,0.433150837088431,-0.375029300191796,1,0
37,0.606393183758192,-0.00219646003046872,1,0
37,-0.664550488581921,0.334884133377004,0,0
37,0.301243520496641,0.516874074751052,2,0
37,0.234496895340911,1.14567563716472,0,0
37,-1.30311478320593,0.428261024264595,1,0
37,0.448000439589387,0.425939529018621,1,0
37,-0.813447875288191,-0.787229401072819,1,0
37,0.0428472679928756,-0.572932067546387,2,0
37,0.529725707106447,0.53759694888968,1,0
37,-0.450999639873943,0.0540828471813978,0,0
37,1.47467800943324,0.686532578074593,1,0
37,0.802587760844001,0.289085140115756,1,0
37,-0.0339879831212982,0.3653320146125,1,0
37,-0.729139502628852,-0.376423549233764,0,0
37,0.251196178289212,0.346498347765993,0,0
37,1.30991745900854,0.0478076729752874,0,0
37,-0.412047156425601,0.461365440602543,1,0
37,-0.541016893581007,-0.220159985390452,1,0
37,0.979080226012612,1.29804823034223,1,0
37,-0.537593195395557,0.504874842512966,0,0
37,-0.675738276939101,0.480686529215199,3,0
37,-0.673030678869657,-1.00977958090904,0,0
37,1.39023324359024,-0.14908514428877,2,0
37,0.404609459525108,-0.0921092350524289,2,0
37,0.0410151317708026,-0.129717902545298,1,0
37,0.710109637272964,0.167814668660404,2,0
37,-1.1599213260184,-1.11711772628808,2,0
37,0.147303397510573,-0.871399268685343,0,0
37,0.737581093875723,-0.0642158748530981,1,0
37,0.167142188336665,-0.0754520686352786,1,0
37,-0.669552088791424,1.34904461106749,1,0
37,-0.315111453472696,0.264969085252138,1,0
37,-0.0906770099865705,0.193517942401482,0,0
37,-1.38070941221515,-1.02876354975492,0,0
37,2.13899944586018,0.625882079445853,1,0
37,-0.408727954002294,1.05520908510678,0,0
37,-0.0127386743135526,0.486739791851339,0,0
37,-0.706571822263004,-1.20679784922896,1,0
37,0.154255788219843,-1.83618390487022,2,0
37,1.22417058351679,0.484023562224374,2,0
37,-0.60056077428228,-0.0592613107989989,1,0
37,-0.557088761815044,-0.633573592691746,2,0
37,-1.6596738299599,-1.94591333609671,0,0
37,-0.158733369113986,0.14072581167682,1,0
37,-0.296015877945819,-0.625186198848074,1,0
37,0.140771925401487,-0.89618345793785,2,0
37,1.26155946448807,0.0839438952988245,2,0
37,-0.0382154850864592,-0.316086625750854,1,0
37,-0.86511666925238,0.48681681757705,0,0
37,0.726051145997623,0.370439582334523,2,0
37,0.292392804167245,-0.423263568797823,0,0
37,-0.420680741555592,-0.133572035532936,1,0
37,0.750360988733511,2.18835874222979,3,0
37,-0.0558394606085931,0.504022360955871,1,0
37,0.0546605077718275,0.865567122003254,2,0
37,-1.61471832491526,0.0759712132506508,0,0
37,0.476515391576795,-0.907671574084435,0,0
37,1.41494298747523,0.75131706664156,3,0
37,0.232642472373937,1.56918226349886,3,0
37,-0.215233229211579,-0.0185936021908561,1,0
37,2.51029055827561,0.759035467988544,2,0
37,0.298537810431379,-0.0291391521657891,2,0
37,-1.95381591066367,0.633556839860137,0,0
37,-0.505649265153204,-0.189150685961534,0,0
37,0.564868562476293,2.09739096685865,2,0
37,1.54450211124607,0.258203419972577,0,0
37,-0.454437945772448,-2.0582884532969,0,0
37,-1.60532899865424,-1.0541850219971,0,0
37,0.413414103139078,0.750720860749299,1,0
37,0.124168991507325,0.78992743378719,0,0
37,1.56548101716574,0.827936458484719,2,0
37,0.890976848878044,1.1037437192679,0,0
37,-1.52911226340449,-0.588319895292192,0,0
37,1.01556267930571,-0.0758780614464589,1,0
37,0.722159062833047,-0.152477043811721,2,0
37,2.50471239004978,0.701118088554946,4,0
37,-0.574642838025859,0.07135511695612,1,0
37,0.721153821323239,1.4597596475199,2,0
37,-0.0892457335378157,1.13667852140421,0,0
37,1.33507656704586,-0.562939788788625,3,0
37,-0.0673792658742201,-1.47159228192103,1,0
37,0.827791196082053,1.24383170761703,3,0
37,-0.299352874501579,-2.05608490562394,0,0
37,0.83183249487155,-0.0248162441678592,2,0
37,-0.0897805457258019,0.807261630781896,0,0
37,-1.78599796627556,0.0292149555437,3,0
37,1.65539094575785,1.25318414109413,2,0
37,-0.936279557680866,-0.541867549831332,0,0
37,-0.345818083809865,-0.967620095079246,0,0
37,0.357499676008513,-0.412405564117896,1,0
37,-0.650574272786642,0.205392754010964,2,0
37,-0.255574143695935,-0.475497028452741,1,0
37,1.36093512000266,1.07783855257323,4,0
38,-2.13407830169702,-1.48249399446037,1,0
38,-1.71597900321077,0.990229227210965,0,0
38,-1.46001746537684,-0.832269649980161,2,0
38,0.425979004227925,-1.34603931927119,2,0
38,0.960423168033733,-0.114938352858251,0,0
38,-1.23749265789489,-0.709500307252077,1,0
38,-0.0433977850487132,-0.435921337089407,2,0
38,-0.910723443878506,-0.38895597670564,1,0
38,-0.269285751460911,-0.108268127235107,0,0
38,-0.0484529626967538,-0.452131221318367,1,0
38,0.0352069276345329,0.783124574993618,0,0
38,-0.247160637118595,1.87296087637224,3,0
38,0.00504245879504628,-0.249568363176476,4,0
38,0.462920292233071,-0.774943396628518,2,0
38,0.742647908583658,-0.287846719460879,1,0
38,-1.61788267098678,-0.813519488265046,1,0
38,0.733982174566545,0.88654146816544,2,0
38,0.693585365031481,1.25767326371985,3,0
38,0.433346436006005,0.569363672213016,0,0
38,1.35320559847605,-0.122757618965081,1,0
38,-0.364458384821152,-0.459714730778099,0,0
38,-0.999526781154914,-0.685851733860735,1,0
38,-0.22367487830638,-1.64798075643952,0,0
38,0.461886830727773,-0.0227116603992983,2,0
38,-0.0574884197736672,1.03896016478355,3,0
38,0.51126916173918,-0.00856749974751957,0,0
38,0.125090066211952,0.373884782707458,0,0
38,0.186363770912488,0.166368323365451,1,0
38,1.24741144496248,0.534317009446421,2,0
38,-0.158151924076472,0.123822045848968,2,0
38,-1.05823319978986,-0.219073361873015,1,0
38,-0.694349632351054,-0.0986722810831938,2,0
38,-0.167178958705345,-2.17409721415765,1,0
38,-0.0583707322590977,1.09295218842685,1,0
38,-1.18412048630533,-0.994695374319011,1,0
38,0.117561516558376,-0.422776066462375,0,0
38,1.53283556262487,-0.392854896086393,1,0
38,-0.700535936195546,0.173929607116791,1,0
38,-0.525160149680457,-0.223961768923757,1,0
38,0.503157417708876,-0.570132533424795,3,0
38,-0.430833565334036,1.41509232815951,1,0
38,1.28516352191746,-0.650701583902321,2,0
38,-0.764599353474527,-0.528697387269778,3,0
38,-0.463375953138976,-1.43755929256659,1,0
38,-0.408112042044055,-0.414422507976631,3,0
38,-0.576262276413797,-0.299947656606089,1,0
38,0.335876911299405,2.67785775315711,4,0
38,0.389929542478389,-0.960882234611165,1,0
38,0.425378647804278,0.968044614783694,1,0
38,0.00302759562254141,0.0955386441530287,1,0
38,-0.0793509041347773,-0.516483105376679,1,0
38,0.273364777560436,0.314574611720613,1,0
38,1.82076734738854,0.380387001813415,1,0
38,-1.34418035428349,1.97835186260481,0,0
38,0.316470458094828,0.959125057965766,4,0
38,0.600791599457672,0.385989943297623,0,0
38,0.987975264805648,-0.200677068203853,1,0
38,0.830553366519103,2.09472262083659,2,0
38,0.216082622443475,0.147221223861203,0,0
38,-0.324938261168945,-0.888541627641932,2,0
38,-2.06331826535073,-0.508651368689128,0,0
38,-0.0645975346427511,-0.191669188578108,4,0
38,0.811487769937029,-1.30701008306775,1,0
38,-0.383541165428338,0.630780280783086,1,0
38,-0.062122801653221,-1.09663479906886,1,0
38,-0.0822244114587298,-1.68131809901051,1,0
38,0.543755770152683,0.937509137501,1,0
38,1.67731096770751,0.556450578014113,0,0
38,0.638329272701023,-1.81781305332917,0,0
38,0.36388759382231,0.689161925311056,1,0
38,-0.329808323349093,-0.0791268176451309,1,0
38,1.25135025301763,0.722974017586203,2,0
38,-1.35416633326948,-0.259253011773838,0,0
38,-0.360254655139008,1.28329896199233,1,0
38,0.0805321592788778,0.834784547298865,2,0
38,-0.106016215695414,1.84277075256199,0,0
38,0.0115454677450793,-1.47954125831215,0,0
38,0.289655837429089,0.109623081755415,2,0
38,-0.335219289929986,0.235302767891418,0,0
38,-1.37785904054157,1.23215196195358,3,0
38,-0.426144114061095,0.958780393801997,0,0
38,1.11802825328598,2.09005838795015,0,0
38,-0.804501526124898,-0.199135386854925,2,0
38,-1.23443294867098,0.115320220982183,0,0
38,0.434688200757186,0.215210478604063,0,0
38,-0.53257377727606,-0.199998834221698,1,0
38,0.947353919693038,0.630620966540221,4,0
38,0.491404428863291,-0.513915832850311,0,0
38,2.17696968286364,-0.311486271615717,1,0
38,0.284513246903795,-0.53499844203207,1,0
38,0.715914353639806,-0.270259022783931,1,0
38,-1.13506525652172,1.00745312340228,0,0
38,0.764969182421119,-0.732550602656428,1,0
38,-0.496349599852037,0.57587346499171,0,0
38,-0.0430492650478297,0.166784838673332,2,0
38,0.476435909399313,0.56163779824389,2,0
38,2.0728472454614,1.4800219397228,1,0
38,-0.377128463267472,-1.17334835036659,2,0
38,-1.13919538446094,1.23242885995842,1,0
39,-0.183110853723674,1.14607470676013,3,0
39,-0.324416206722895,-1.16236129344748,1,0
39,-0.331803913440216,1.16916248342656,1,0
39,-0.211863780137292,-0.776898250218739,0,0
39,-0.944769353461568,-0.0554722847727096,0,0
39,0.539831432490988,2.49020035280444,0,0
39,0.242217097838386,0.432486481461932,1,0
39,1.47136822720759,-0.0437120052242375,0,0
39,-0.487894329910218,-0.845816462928143,0,0
39,0.326677461119197,-0.627047345331049,3,0
39,1.64633500116566,1.86820123476247,2,0
39,0.666466285515043,-0.17852277167201,0,0
39,1.96371624240849,0.609761537599911,1,0
39,0.012164066871335,-1.7353159856643,1,0
39,0.126089253175647,-1.25804633578596,0,0
39,-0.329174181516653,-0.121481965030717,2,0
39,1.28757205269313,-2.29757353557146,1,0
39,-0.107870950207894,-0.554132673096729,2,0
39,-0.184611653887232,-0.0861090785682946,3,0
39,1.40295246203803,0.768531434532161,0,0
39,-1.22310600742022,-0.152600426176388,2,0
39,1.14136170913468,-1.16984918935952,0,0
39,1.06404482779283,0.686601036493965,3,0
39,-0.298660843899761,0.514256882991493,2,0
39,0.446577611970453,1.5895943793179,4,0
39,-1.2618439862863,0.59467246182493,1,0
39,1.70194911003712,-0.526967158703861,1,0
39,0.682222545931314,-0.0594807763729844,0,0
39,0.57265202355701,-1.37945916420995,1,0
39,-1.15540845154564,-2.72471446948476,1,0
39,-0.442402715039443,-0.914917489424777,1,0
39,1.01467867579123,0.0510957212730942,0,0
39,1.14429735327674,-0.555457947451884,1,0
39,0.0513598683807006,0.825452863162873,0,0
39,1.01436379098428,1.83598048305654,4,0
39,3.21846134481958,0.548035625936991,0,0
39,0.302114078282302,1.26013146663987,2,0
39,-0.368120993793828,0.881947349540019,0,0
39,-1.93953135798804,0.879358331999577,0,0
39,0.0828786207579121,0.569271829575249,0,0
39,-1.32827997373986,0.5255977021324,0,0
39,0.416295267906043,0.0329280141695025,0,0
39,0.649626847245767,0.203679844664705,0,0
39,-0.208973091802776,-0.850838483396125,0,0
39,1.10083987596651,-0.452173854892797,1,0
39,-0.771423276218084,0.319658538551712,1,0
39,0.700559481940699,0.210263911706171,1,0
39,0.883065754326381,-0.21319443382382,3,0
39,-1.28279929829126,-1.12993837042402,3,0
39,0.441111727685187,-0.429736557778389,1,0
39,1.24908951347978,1.1647205370575,3,0
39,1.40684001443334,-0.66662422575919,0,0
39,-0.75168761941978,1.1394217876372,0,0
39,0.0726883217138702,-0.551808600096435,3,0
39,1.04744044923949,-0.0444439481249011,2,0
39,0.165862218672397,1.32103741193129,1,0
39,-0.173856710963871,0.16123178223489,1,0
39,-0.0679621392254846,0.940336145048108,1,0
39,-0.0805391961546972,0.565452213235748,1,0
39,0.0480414161341534,1.88674296798086,0,0
39,1.26642143392656,-0.611478195985332,0,0
39,-0.537867679952125,0.702446252942779,0,0
39,0.45435467334935,-0.735645936389093,3,0
39,0.619188867912134,-0.0961973547409216,0,0
39,-0.0670271329868198,-1.29892540795754,0,0
39,0.987533575008691,0.323076907293377,2,0
39,0.0606826663026359,0.0705083750189974,0,0
39,1.42188911001656,0.581965640124032,1,0
39,-0.346456620603511,-0.513985423522436,1,0
39,-2.21355264660241,-1.44240369611144,0,0
39,0.960686378282936,1.30922613423496,1,0
39,0.00253590594504421,-0.466422212254243,0,0
39,-0.84839991801234,-1.27634705838798,0,0
39,1.02552685536901,0.367071785404618,1,0
39,0.0619241354396229,-0.236017797799051,3,0
39,0.829661867326337,0.374786212387068,0,0
39,-1.45814585329091,-1.22208128778641,1,0
39,0.683126087832347,2.53249960579017,0,0
39,0.0060915543719199,-0.31615507337197,2,0
39,-0.61739411488813,0.50525544432648,2,0
39,-0.0799532027475112,1.15605408730116,3,0
39,-0.1632085863386,-0.149961331155984,1,0
39,2.60851090267637,0.620349322592203,1,0
39,-0.131659934511844,-0.164927429444376,0,0
39,-1.16288040326541,-0.939078563740953,2,0
39,0.00202434579165208,1.16998974879638,0,0
39,-0.359643758311555,-0.612257351183861,1,0
39,-1.75966435627087,0.188931111719579,1,0
39,2.1939999493903,3.56050538391224,2,0
39,1.11322594459035,0.717037469722708,5,0
39,0.337291445453428,0.275354513151394,1,0
39,-0.917280874403526,-1.07037771213615,1,0
39,0.153013600634676,-0.0236261429845702,5,0
39,0.222242197153858,0.392818285550638,0,0
39,0.23073947903928,-1.38519511951094,0,0
39,-0.00465270352805482,-1.33888938373363,1,0
39,1.63809047767375,0.0114933720471482,3,0
40,0.381059941655776,1.37808614806812,2,0
40,-0.729385046386089,-1.83706768603343,0,0
40,-0.179610904683833,-0.61719998654356,1,0
40,0.216746518059936,0.206269225001315,1,0
40,-0.805942366691763,1.08865143425994,1,0
40,1.61089680457187,0.135199015141711,1,0
40,-1.06577305797316,-0.150129980960272,0,0
40,-0.526514757561355,-2.29398776613923,0,0
40,-2.10844573894274,2.61493132522696,3,0
40,-0.812666630281031,0.201557847067072,2,0
40,-0.595456888389422,-0.974031799265114,0,0
40,1.52174441339978,0.389473206952396,2,0
40,0.273141232093672,0.426784402556923,1,0
40,1.58621832430178,-0.577167194734985,1,0
40,0.896455738298965,-1.01788843963816,2,0
40,-0.661193977658387,-1.31040539166185,3,0
40,-0.465048983486817,0.814283935040387,1,0
40,0.0425479935681605,1.47509928482799,4,0
40,1.83986326848439,-1.29412839484824,2,0
40,1.83673815674985,0.961534228539896,1,0
40,-0.37693628275173,-0.779550541560772,2,0
40,-0.463560379924796,-0.00548370240678276,1,0
40,0.11550835234955,0.399859932900864,1,0
40,0.0883481000778235,-0.484675844559082,0,0
40,0.935195355613154,-0.651220056730683,0,0
40,0.855179532661332,0.669556886991651,3,0
40,-2.32104318134915,-1.23133269858539,0,0
40,2.50236137410245,1.3645377798604,4,0
40,-0.840536108130415,0.151007161536685,2,0
40,0.633138564332671,-1.0295909546599,0,0
40,-0.784592638532054,1.35812186562292,1,0
40,-0.678936438234419,-1.04604194054212,1,0
40,-0.151912160619695,0.614861210539172,1,0
40,1.00301489223525,0.981836594810019,2,0
40,-0.569674779586786,0.0769821467948113,2,0
40,0.369554612956114,1.05027420181114,0,0
40,0.579916302692679,0.104852153757138,0,0
40,0.47568228104387,-0.88670186660283,0,0
40,1.44281638967664,-0.516881638881404,1,0
40,-1.6169461491335,-1.51904990742423,1,0
40,0.804956019052938,-0.434101565302146,1,0
40,0.0156762794130153,-0.514482800954895,1,0
40,-0.265662236802506,0.058637024506784,2,0
40,-1.32942156277406,0.631852788305936,0,0
40,0.234739807945079,0.756981056442723,2,0
40,0.0183342524834669,0.0977738491226941,2,0
40,1.18262585936848,-1.21322472097411,1,0
40,0.0778890113742164,-1.78948525903054,1,0
40,-0.664709862942646,0.0146926504807197,2,0
40,0.879000429271613,0.0540906386432138,1,0
40,-1.13385499235663,0.597967719748297,1,0
40,-2.35076182466297,-1.45129197119145,0,0
40,0.344135518393593,-0.918942749724493,1,0
40,0.420121155876216,0.190812421622303,0,0
40,-1.29191928297202,-1.79917337401666,0,0
40,0.890163977218958,-0.522386234024785,1,0
40,0.233664926732401,0.475905619997686,0,0
40,-1.3713292718121,-1.19445335984689,1,0
40,1.16240867714748,-0.115486427382857,4,0
40,1.49374416674489,-0.162538475057506,0,0
40,0.594974466617579,0.263835621584705,1,0
40,-0.516610945279068,1.6531854351771,0,0
40,1.13675842759604,0.479216361514565,2,0
40,1.7116963195165,1.26932783864316,2,0
40,-1.61265077321199,-1.16943564633242,0,0
40,0.979390960702696,-0.569682331909776,0,0
40,-0.195636031926387,-2.14581401547517,1,0
40,-0.549215516597341,-1.3414615769196,2,0
40,2.49058224470569,0.255704391132805,1,0
40,-0.347267483671959,0.00287105642704062,2,0
40,1.38757358046164,0.913621067638729,1,0
40,0.876897945285658,2.29204117546979,2,0
40,-2.04175432081759,0.25936473338295,1,0
40,0.959059319395178,0.776861246660005,1,0
40,-0.292796849330512,0.595392378821906,2,0
40,0.816103886300642,-0.718125469150886,0,0
40,1.87165280689702,-0.329541607741702,1,0
40,2.22307321016004,-2.18541075873328,1,0
40,0.475680578701136,1.48326136927717,2,0
40,0.634792785335572,-0.865395724052898,2,0
40,-0.77866434833534,-0.702653843731347,0,0
40,-0.140068231301877,-0.299061468918587,0,0
40,-0.376780759697175,1.89066145417162,1,0
40,-1.60418454181849,1.09200783928672,2,0
40,0.703588084680744,-0.534150109742295,1,0
40,-0.282109835995975,-1.22142511591427,1,0
40,0.0862328047205883,-1.95821234225753,0,0
40,-1.11344777843956,-0.488235618369461,0,0
40,-0.169051300181842,2.06514004546051,0,0
40,-0.220275216064158,1.18443595942661,1,0
40,-0.583224360196102,0.836098946241409,1,0
40,0.210266317650292,0.12028144803044,2,0
40,0.637820233705388,-0.411454615198797,0,0
40,-0.380514113489375,-1.60405568735018,0,0
40,-0.0583709618318341,-2.06407218652504,1,0
41,-0.258882667024556,0.372235279849388,4,0
41,-1.86908682394337,-0.349740591737214,0,0
41,-0.321245428850484,-1.45043140478899,0,0
41,0.347813710974407,-0.178194459153282,1,0
41,-0.0230486209045953,-0.537198607027791,0,0
41,0.489913422752348,1.07240711998611,1,0
41,0.841223999282627,-1.05729065746959,2,0
41,0.218379680268994,-1.07244533903609,0,0
41,0.859185756315461,1.47937977268841,2,0
41,-1.14978070880256,0.45219116686495,2,0
41,-0.913393633027489,-1.29422525691235,1,0
41,-1.40899465453011,0.310976708490598,1,0
41,-0.0415818766051068,0.176815904276609,1,0
41,1.76787980146055,-0.561469096913644,1,0
41,0.531805733580149,0.2275290971762,0,0
41,-0.0435697675332835,-1.53109444888321,0,0
41,-0.117893580941383,0.132303386814308,0,0
41,-2.53813527689806,0.406045656451532,0,0
41,-0.57411108715034,-0.249560448845378,0,0
41,-0.236333823037816,0.050532558832047,0,0
41,-0.62472827604086,-1.87544094118383,0,0
41,-0.0918174541502626,-0.492954681105925,2,0
41,0.896010603551948,-0.282734764717951,1,0
41,1.32440727789186,-0.0761496707625303,1,0
41,0.287497506393278,0.877808867705493,0,0
41,-0.37918800958236,-0.556354260011208,0,0
41,-0.0465833046181284,-2.38837859836658,0,0
41,0.650377926548971,-0.979004221075656,3,0
41,0.186977489952532,1.60843792750054,2,0
41,-0.956000857621724,-1.6292087555961,0,0
41,1.50911776741992,0.73991646311226,2,0
41,0.681983806697405,1.07249493561915,3,0
41,-0.782931399089617,-0.465468109090693,0,0
41,-0.523862302845768,-0.457591468646275,2,0
41,-2.96171550839026,-1.95492752538157,1,0
41,-0.149758998649105,-1.46264273762749,1,0
41,0.919843077019187,1.3896010543558,3,0
41,0.958757613022534,-0.119008499489319,2,0
41,0.982001411097253,0.291122438471499,1,0
41,-0.510055219766987,0.611827364896245,0,0
41,-1.56460554635678,-0.50803599146413,1,0
41,0.833108566741576,-0.104123227012491,1,0
41,0.740058887284763,0.47902109202194,2,0
41,-0.124189383542962,-0.191055582127741,0,0
41,-0.334580036703948,-0.694291557558578,2,0
41,-0.535059611033413,-1.68908588667575,0,0
41,-0.245976960910537,-0.779861720377813,1,0
41,0.221980362074568,0.694167283478662,0,0
41,-2.3206041904881,0.379298391552905,0,0
41,2.06933741027249,-1.88833287266476,1,0
41,-0.0352272656623035,0.321798948978647,2,0
41,-0.709453605558497,-0.641219387412683,0,0
41,0.900740919342553,1.18330549471144,5,0
41,-1.26695984519114,-1.47714985306274,0,0
41,-0.989457805900697,-0.203654741747805,0,0
41,1.71595517030031,0.932293462119463,1,0
41,-2.14221239270914,0.639550733268998,2,0
41,0.648990448396001,-1.09706857287714,0,0
41,0.335364717547065,0.433865170701283,1,0
41,1.39857089034577,-1.0200599868465,1,0
41,0.944931283042312,0.290042736867265,0,0
41,-1.71964353512001,-0.405642887073819,0,0
41,-1.62783798812261,-2.68846157792887,1,0
41,-0.485575458443689,-2.92237506596486,0,0
41,0.438508617022507,-0.225569407509744,0,0
41,2.11607725944612,1.49953931165031,1,0
41,1.42723914023063,0.118127374624025,2,0
41,1.40043708753011,-0.650121590223704,1,0
41,0.786144297687315,0.925367516316164,3,0
41,-0.72544488924338,-0.57545235803069,3,0
41,-0.575162675724267,1.24124390775366,0,0
41,0.712484622660731,-0.262799937194926,1,0
41,0.319546522508914,0.125878579021876,2,0
41,0.65360434750318,-0.462759027759529,0,0
41,0.350649409181907,-0.370931930314186,0,0
41,-0.267225253323797,0.811935551635745,0,0
41,-0.512790622722981,-1.02345689299591,0,0
41,-0.578493104420794,-0.512057734562631,1,0
41,0.754601228301717,0.19078407410847,1,0
41,0.953252664530498,0.184259363529846,2,0
41,-0.17354328508437,-0.545070119242625,1,0
41,1.05829782501301,0.732833825749679,3,0
41,0.726749936686056,1.42505064749379,3,0
41,0.737657548973596,-0.925061301646336,1,0
41,-1.16417825764839,0.44879488332234,0,0
41,-0.414596552606681,-0.445746720037688,1,0
41,-0.195510314393767,1.53823445508567,1,0
41,0.73000579401808,-1.67442451112936,1,0
41,-1.948925819565,-0.881595985966625,0,0
41,0.840663012815244,-0.560219153662757,2,0
41,0.271222557010034,0.961839828417918,2,0
41,-0.101424358306567,0.758746066132628,0,0
41,0.264375371115978,-0.407159777168418,2,0
41,-0.907271574069556,-1.16852961280898,1,0
41,0.219486873285068,-0.518520933635808,0,0
41,-0.00347935154494039,0.883630262938602,1,0
41,-0.436559937529711,-0.345748908357826,2,0
41,-0.673447836395513,0.124992094357613,1,0
42,-0.808477664700968,0.895066019293576,0,0
42,0.271058534255809,-0.0142109556172445,2,0
42,0.506826218874001,0.474061206279396,1,0
42,-0.938396383507937,1.45959131917859,1,0
42,-0.12387507998523,0.810645537769643,0,0
42,-0.564909669929525,0.613169947789167,2,0
42,-1.13217689257481,-0.682181035225467,1,0
42,-1.5643352115735,-0.172791906394912,1,0
42,-0.526552358294579,-0.981488685287361,1,0
42,-0.110808689424459,0.653978142290356,1,0
42,-0.465781819455453,0.67008461671106,0,0
42,-0.528628132882494,0.492174355065343,4,0
42,-0.260249759560315,-0.284889816555344,0,0
42,1.31584346292796,1.84666528897014,3,0
42,0.466773090331148,-0.695716071980169,0,0
42,2.47338609851965,0.145010013369881,3,0
42,0.824082533553544,-0.0629601264160627,2,0
42,0.471208063497846,-1.30588020098783,3,0
42,-0.598786530702676,0.793609210206506,3,0
42,1.39119867743759,-0.394559807399637,3,0
42,-0.589663149712659,-1.48648840661825,1,0
42,0.48350299529497,0.0147102283301294,3,0
42,-0.282483951766528,1.84286877433876,2,0
42,-2.3687481932137,0.214460926781629,1,0
42,0.41069288654087,0.776121849836041,2,0
42,-1.14963632561803,-0.414195564289975,1,0
42,-0.387558739408506,-1.11812637695024,1,0
42,0.708354183178072,-0.199193310673091,0,0
42,1.43468883482936,-0.238656051863301,0,0
42,0.252165862452859,-2.04940215938919,2,0
42,0.675279632131027,-1.18552966078782,1,0
42,-1.00957202686349,0.382261970883741,1,0
42,-0.428563912867473,-0.583823129694481,0,0
42,-1.36291823324323,-0.244885295535014,0,0
42,3.23955558440461,-0.509083820695771,2,0
42,-1.15963443390187,0.108794098818176,1,0
42,0.257816456917574,-0.614950971998566,0,0
42,-0.635383697995933,-1.37806657690173,0,0
42,-0.427671674735369,0.0998036937519255,0,0
42,-0.0404179575865087,-0.505476188076153,3,0
42,0.131197409965139,-0.618990381659629,1,0
42,0.246134071378206,1.47775776096449,1,0
42,0.532737722525179,-0.0826549667747683,1,0
42,-0.115409737747219,1.20224847266947,1,0
42,-0.514684952308406,0.42616750348267,0,0
42,-0.143845229780235,-1.90427539588563,0,0
42,0.515941554520712,0.56456047342792,1,0
42,-1.28699071082914,-0.727228976353418,3,0
42,-0.116559975113604,0.436159076840785,0,0
42,0.51598403793213,1.10433798096439,3,0
42,-1.24457412791767,1.24486433683688,0,0
42,1.90079651149129,0.426374316535933,4,0
42,0.119000223026834,0.587156878805057,2,0
42,-0.261037782534269,0.452100698437975,0,0
42,-1.83189051956713,-2.21011990862801,0,0
42,-0.938072287147954,-0.738484316378065,0,0
42,-1.48847187152815,-1.09238886619606,1,0
42,-0.48950460509617,0.807473182671818,2,0
42,1.01046782294654,-0.0107875461781246,1,0
42,0.00883917037828277,-0.599875937105797,0,0
42,-0.353981550021865,0.353889754609366,0,0
42,0.776322295055959,0.173493665964702,1,0
42,0.697215492819599,-0.292571929770967,0,0
42,1.72594208880368,-0.960408754583959,1,0
42,-1.63500571598312,0.247670028930208,2,0
42,0.714186105381624,0.143584584749916,0,0
42,-0.704062122485906,-0.191841521922575,2,0
42,-1.26272330525252,-0.79041105085591,0,0
42,0.250224002004756,0.393821760984619,1,0
42,-0.30003073589921,-0.171819974182549,0,0
42,0.667769450851093,1.47908552785359,0,0
42,2.40801908839337,1.45511807827831,3,0
42,0.0530332983134609,-1.74518150423728,0,0
42,-0.12296403290328,-1.76788288423776,2,0
42,1.03556206571931,-0.816373250049068,1,0
42,0.21408046154877,0.175954713267039,2,0
42,-1.1410598788367,-1.21181860727113,1,0
42,-1.41303171488192,0.709946812068226,0,0
42,-0.92398742085194,0.895756502972366,3,0
42,0.984128714878964,1.27799618350123,1,0
42,0.282742549513056,1.35572283127786,0,0
42,-0.144982299594915,-0.833975920295375,0,0
42,1.59800612223356,0.734716001806697,1,0
42,-0.813646301420307,0.322348076863057,2,0
42,-1.36679482175422,1.09556210715575,3,0
42,-0.762903588876848,-0.451396326928151,0,0
42,1.26501987497644,0.322880307438946,2,0
42,-0.438663665342774,-0.581987326146725,0,0
42,-0.875186947400988,0.159159916105782,0,0
42,-2.23498152671059,0.21134725192718,1,0
42,0.244937427665348,-1.56667587422751,3,0
42,0.925693594219402,1.45989728189447,2,0
42,0.41865115401555,-0.884400169008594,2,0
42,0.0268690393541394,-0.184395696263547,0,0
42,-0.0725045425349228,-0.513563923202786,0,0
42,-0.119882994483148,1.62065981007432,1,0
42,-0.285852405742438,0.236574171146803,0,0
43,-1.33288123841387,-0.441908886701381,0,0
43,0.320423670501038,0.396821504478385,1,0
43,-1.35187280790559,-0.587849517799086,2,0
43,-0.0945750076226854,-1.10130995364378,0,0
43,-0.528108607948025,-1.22929169556624,0,0
43,-0.572334421631273,-0.034342099121097,1,0
43,0.202116504469964,0.450564374570804,0,0
43,0.163085016013127,0.0976237238681118,1,0
43,-0.650637720394238,-1.02519878526829,1,0
43,1.09437697507738,0.689764664090078,2,0
43,0.605210687743561,-1.26090864912063,2,0
43,-0.746115630380485,-0.397748273040406,0,0
43,-1.00777761197819,-1.57888168067375,0,0
43,0.364111834957598,0.22723848284535,0,0
43,-0.582805560702673,-0.954359895092518,5,0
43,-0.869579568651401,-0.234878546077078,0,0
43,-0.0450993258269428,-0.0980623498013084,1,0
43,0.449359079318848,0.207663339996268,2,0
43,0.230903458123174,0.393381736318542,0,0
43,-1.60260778972017,-1.48881933613948,0,0
43,-1.63384167510678,-0.365479304305929,0,0
43,-0.278008776995759,-0.164181747434461,4,0
43,0.167543109485057,1.29944822008666,1,0
43,0.0558474505462267,2.05988600007584,1,0
43,-0.344764836893413,-1.43095083422995,0,0
43,-0.00415140132725729,0.165397298027581,0,0
43,1.74127358607006,-0.438235084718465,1,0
43,-0.137447602316066,-0.888468335552153,0,0
43,-0.71827758607026,-0.378671362459641,0,0
43,0.310082051754285,1.08037139124851,2,0
43,0.69624066342326,-2.45109242394484,0,0
43,-1.23492786249286,0.0190596839417516,2,0
43,0.0358755039250717,-0.00285886367386407,0,0
43,0.0434741082649488,0.067723995315833,0,0
43,1.06889597658426,0.656235665123689,4,0
43,-1.52282806121269,0.751950190382196,0,0
43,0.0304673399229674,-0.756415156851201,1,0
43,-0.122007390126544,1.28152420637391,2,0
43,-0.208399989737789,0.682889049057271,1,0
43,0.234559785406605,0.369079185700657,0,0
43,0.048683654676535,0.439960046510858,2,0
43,0.840475827008214,0.370655491563715,2,0
43,-1.77877557922991,-0.169941866756492,1,0
43,-0.187532971051601,-0.200540619046126,1,0
43,-0.482057187896553,0.127341997628593,0,0
43,-1.34098432149877,-1.62000564456406,0,0
43,1.12153686307974,-0.00312459870559622,1,0
43,-0.0978923984678563,-0.421022919912802,1,0
43,-0.39745556813552,0.54431262394988,1,0
43,0.0028761913767656,1.97811351811407,1,0
43,0.171287157983316,-0.141943328066749,0,0
43,1.36915263835722,-1.24588746836586,1,0
43,1.32251579833598,1.18936050492781,1,0
43,1.0939207142738,0.906800667729667,1,0
43,-0.460395150393768,1.60688621043401,0,0
43,1.57020203123593,3.1783212665644,3,0
43,-1.5128369857688,-0.563749020398694,1,0
43,-0.26888066273949,0.292780855844485,2,0
43,-2.15353712362955,-1.01225888851415,2,0
43,-0.16647307438903,0.186006924841637,2,0
43,1.11474555368003,0.969534106426887,1,0
43,-1.3263547541777,0.277724891230519,3,0
43,-1.90786454200909,-1.62942476604406,1,0
43,0.39813181547714,-1.45364681286395,2,0
43,0.696341579718066,0.212194349916885,2,0
43,0.221335297566081,0.604133815109249,0,0
43,-1.41492185512635,-0.589131804617332,1,0
43,1.22845246246686,0.0253886732402671,1,0
43,-0.120828168117365,-0.63220461554973,1,0
43,0.737175034016932,-1.62054411088434,1,0
43,0.352465078187207,-1.36647677353812,0,0
43,-0.708812208589923,-0.256749937753827,1,0
43,1.11982215758971,1.07297595958814,1,0
43,0.410208152304471,2.13515925777596,0,0
43,1.00213096808525,0.658817306866853,1,0
43,-0.356175381222069,-1.80586966671833,0,0
43,-0.204157033544231,-0.847881726213242,1,0
43,-0.152953123529995,0.0547564766279296,0,0
43,1.58341207048092,0.729887987132925,2,0
43,0.716634927146538,-0.358606255854651,2,0
43,0.325450555296636,0.72651304477795,1,0
43,-0.918182507806975,-1.24377508388577,1,0
43,-0.319548576877249,0.544203346232102,1,0
43,-2.16919432904163,0.46649016661799,1,0
43,-0.30806497328769,1.19539024735309,0,0
43,1.6256172888264,1.63437769581083,3,0
43,0.306450272968533,-0.957762700413438,1,0
43,1.81273723008024,-1.59444481847034,1,0
43,-1.1504302962752,-1.53984622676708,0,0
43,0.894239166878843,1.00973354542452,0,0
43,0.803681319437051,-0.525958202684762,1,0
43,-0.669981171926586,-0.279614142246668,0,0
43,1.966024875386,0.830217958991483,4,0
44,-1.11673517513997,-1.18725170514194,0,0
44,-0.470904388805384,0.323999348114845,0,0
44,1.17542216059425,0.0346912809126228,2,0
44,0.796637176285985,-0.89897579612512,1,0
44,-0.10541358475793,-1.2018449910133,0,0
44,0.613911347496163,1.19516834620318,0,0
44,-0.60420702594361,-0.200233975065901,0,0
44,-0.0431604317713727,-0.206481861221682,2,0
44,-1.48701606527184,-1.65875186113798,0,0
44,-0.0618171448566798,0.248111113544172,1,0
44,1.17163290911894,0.744568144047448,0,0
44,0.482873629618778,0.0207023747692085,2,0
44,-0.0343855041991673,-0.875064331612201,0,0
44,0.217078881601644,0.0640080896751,0,0
44,0.423566826042807,-0.477308397131593,2,0
44,-0.56923681280472,0.178970573487067,0,0
44,-0.309344569880132,0.219497273091635,0,0
44,-0.414444657787404,-1.26599838154938,0,0
44,0.522763927911471,1.58733901071345,0,0
44,0.671428466126156,2.00615901603782,0,0
44,0.589766708908073,1.01049223670161,0,0
44,-1.40572118728084,-1.13840131761325,0,0
44,0.837268748646753,0.359297398161066,1,0
44,-1.31359300864628,-0.889990722296727,0,0
44,-0.272290436389812,-0.702903067032044,1,0
44,0.0654921109318419,0.455317564176797,0,0
44,-1.46934449672418,-1.67120729983052,0,0
44,-0.575463829816108,-1.81227163323583,0,0
44,0.0104105021828281,-0.990268643949891,0,0
44,-1.08126990074888,0.748605752084908,3,0
44,1.476750175835,1.44284791545818,1,0
44,0.168385306872771,-0.899772604851048,0,0
44,-0.674162068933074,-1.16972907769962,0,0
44,0.861862471216185,1.11663072451987,1,0
44,-1.71568014549124,0.314105696416757,2,0
44,-0.472876368703315,0.562812121940686,0,0
44,-1.22218399810916,0.109921591845918,3,0
44,0.526793950773298,0.983159778592614,0,0
44,1.60606189072778,0.213964288698277,2,0
44,1.07284543929884,-0.826123155884051,1,0
44,-0.936428285678309,-1.87977939677882,0,0
44,0.2904846091024,-0.388838669551295,1,0
44,-0.417358386872643,-0.0903909904051055,2,0
44,-0.712395011353222,-0.810048858167436,2,0
44,1.18848734197022,-0.337917238219343,1,0
44,0.402511852148864,-0.807791015030429,0,0
44,-1.19219350554071,-0.744163250807177,0,0
44,-0.160996449220002,2.30285309212165,2,0
44,-0.105154777036509,0.545316864745698,1,0
44,0.778528494169762,0.584923036466403,1,0
44,-1.55621363465632,0.710755486559178,2,0
44,0.322082382732422,-0.884570362863192,1,0
44,0.137915019194875,0.92618312203321,1,0
44,-1.40429322938743,0.529544187349432,0,0
44,-0.665674530758225,0.340906763540286,1,0
44,-1.29682404311394,-0.38706821973,1,0
44,1.14990935471057,1.87777321495272,1,0
44,0.420273035299665,0.44590924547512,1,0
44,0.18045385043924,0.750373278205877,1,0
44,0.0891741444391357,1.86106189857549,0,0
44,-0.256801493529949,1.68313751010818,1,0
44,0.900447144912531,1.02304037551971,4,0
44,-0.497600010385838,-0.0876187740978541,2,0
44,1.17842144995023,-0.720374704978722,1,0
44,-0.650997308367212,1.19457200346014,0,0
44,1.45825975256571,-1.56244204811115,0,0
44,-0.727848585079564,0.838755873892547,2,0
44,-0.992553912694722,0.470865282216519,0,0
44,-1.67031324903085,-0.824867584226386,0,0
44,0.955714471683987,-0.421935940652852,1,0
44,-0.967617984478465,-0.402560723177055,0,0
44,0.606220681399496,-0.561742552234323,0,0
44,-0.813825917836059,-0.461452779480214,0,0
44,1.48021969692716,-0.00946883901450164,2,0
44,-0.231649283941541,0.258305559065561,1,0
44,-0.571255072500872,-0.469124695850954,0,0
44,0.205569995794949,-2.13226760924355,0,0
44,-0.533217116571005,-0.18091391548953,1,0
44,0.219279058593446,0.00658424961420986,5,0
44,-1.18038138389771,0.585410959439677,0,0
44,0.225689161089036,0.115019790317945,0,0
44,-0.500284611146339,0.277636126085168,0,0
44,-0.928519041609173,-1.68213066091947,1,0
44,-0.337122103551338,-0.991520966538062,1,0
44,0.917132066501616,-1.53295980111507,2,0
44,0.874913735121438,0.513076109881038,3,0
44,1.29792213938167,-0.433280157541353,2,0
44,-0.948229874600508,0.630671171381337,1,0
44,0.55483201865725,0.430558035883674,0,0
44,2.11846576058687,-0.523024888773111,0,0
44,-0.459346953138857,0.0107739701716664,1,0
44,0.15871157680502,1.84958839559547,1,0
44,1.06721310736166,-0.76635834620906,0,0
44,-0.0557373974252875,-0.287889791850193,0,0
44,-0.571721287611933,-0.99400183226795,0,0
44,0.497758457103683,-1.72735797029918,1,0
44,-0.638147161109529,0.828571566017867,1,0
44,-1.08252175712501,0.760406170421185,1,0
44,-1.3278802917753,-0.52895134337479,1,0
44,-1.75983986537609,-0.592190352170231,1,0
45,1.99976715401525,0.622290486150787,1,0
45,0.0261254757260251,-1.360422438922,1,0
45,-1.48882942036779,-1.13997683745811,0,0
45,-0.400468103314838,-0.560859376917087,0,0
45,-0.289429810569018,0.172357638598397,1,0
45,-0.650383794255803,-0.24268080317896,0,0
45,1.45303379473302,1.00673753131949,2,0
45,0.450138034463819,-0.0445657055701973,0,0
45,-0.0331961461764652,0.0306087272238543,0,0
45,-0.850302245960714,1.76636999425392,0,0
45,-0.356216229369321,0.320037512406111,1,0
45,-0.345576364385222,0.225767315312901,2,0
45,0.624825301309837,1.59983032939978,1,0
45,-1.81368500329416,0.371397314640055,0,0
45,0.0699280402200271,1.12871293656514,1,0
45,1.93716800937342,-0.525731263999459,1,0
45,0.842434177885025,0.609936128737368,1,0
45,-0.554195282847841,0.303363997016721,0,0
45,-0.751546394292234,0.429667586122939,1,0
45,-0.496183333507593,-1.30604968759205,1,0
45,-0.935846695919704,-0.440481544412261,0,0
45,-1.50795113450531,-1.47663376214342,0,0
45,0.322959299386467,0.262109768661794,2,0
45,0.24563831380166,-0.497356392528173,0,0
45,-0.211795182560764,0.319401141010736,0,0
45,0.305477280873382,1.07667722658513,6,0
45,0.4022518723611,1.65078536627835,1,0
45,-1.79018084930335,0.36565319144013,1,0
45,-1.76744854131161,0.893495664816708,0,0
45,0.320779833296481,-0.780024150700635,2,0
45,-0.73623233605663,-0.409222520296171,1,0
45,1.2349137638345,0.37418740979551,0,0
45,0.0496374806442293,0.383463442548181,2,0
45,0.520936537721466,-0.157027946689356,4,0
45,0.0650581081440285,-1.09856093624465,2,0
45,0.749017663499189,-0.853572700078138,0,0
45,-0.36180501486917,-0.754134465156203,1,0
45,0.403680847780611,0.636089150089242,0,0
45,-0.871688938644788,-0.0963010618120909,1,0
45,-0.337334490088537,-0.816033411971859,0,0
45,0.316422006878886,2.65610194068518,4,0
45,-0.900684166377996,1.13225688791833,2,0
45,-1.65706860453365,-0.295476711809819,0,0
45,-1.12128446904249,0.508210377611257,0,0
45,0.845348460070521,-0.376996934346616,0,0
45,1.15183248556533,-0.178078913399152,0,0
45,0.956261306002193,0.727275309204202,2,0
45,-0.558540286738902,-0.61706760958105,0,0
45,0.325287897336057,-0.180055667220381,2,0
45,-0.0946261341720164,-1.14672302501799,2,0
45,-1.19717829994899,0.487981653003656,3,0
45,-1.46060955613995,-0.735659438161199,0,0
45,1.83802212092723,0.29051536449386,3,0
45,0.620480017386793,-0.267561218649326,0,0
45,-0.243418371520749,0.857192391054989,2,0
45,0.805868201795782,0.129118084644755,0,0
45,-0.851423238742376,-2.50518269401984,0,0
45,0.652879536777989,0.772339190327635,3,0
45,-0.983628044205788,0.615122929458308,0,0
45,-1.02281310390618,-0.025463338856287,1,0
45,-0.0772847137391421,0.548016548069635,0,0
45,0.815677969318114,-0.520938163383986,0,0
45,-0.889189326388447,-0.214315666392055,1,0
45,0.840391943075115,1.04985072897817,1,0
45,0.151827918811985,0.306690475945635,0,0
45,-0.0781577972146291,-0.393920109822842,0,0
45,-0.918667406480471,1.27121115984044,2,0
45,-0.791439582248283,-0.449410863627857,0,0
45,-0.566505190667782,0.0147230536656116,0,0
45,0.593754113448935,1.17657790545464,0,0
45,1.17982320256594,-0.488347036671504,0,0
45,-0.189297778861295,1.86307610967264,2,0
45,0.723306108476039,-0.363922881216699,1,0
45,-1.33402520209748,1.40153243666833,4,0
45,0.0595924719518149,0.142660260775108,2,0
45,-1.73487919725114,-0.827045585027558,2,0
45,-1.51156487998469,-0.200953612143059,0,0
45,0.624368260001552,1.47872374715479,4,0
45,-0.504851668336461,-0.839319631325729,2,0
45,2.25713886970406,-0.395130159569006,0,0
45,-0.844058034144311,0.00327976641525906,0,0
45,0.183615595782134,0.919606690705553,1,0
45,-1.17286739027361,-1.74529070878583,0,0
45,1.39189690498311,0.72713864438742,3,0
45,0.127248243405491,-0.653437321906705,0,0
45,-1.73503170290554,-0.515844172290091,1,0
45,-0.205635614434438,0.127733147579403,2,0
45,0.650286196258871,-0.385061597190057,0,0
45,0.996090256096031,-1.09299495402559,1,0
45,-0.231233668584307,-0.249179223286509,0,0
45,-0.0838540093982855,0.820047076197583,0,0
45,0.356555706467218,0.593111137356913,3,0
45,0.476142240985382,0.354538455946239,2,0
45,0.692940764184913,-0.513982044037819,2,0
45,0.792264635494918,-0.947126587143956,2,0
45,0.711292667356946,-0.228786402751438,2,0
45,1.35743627435422,0.185467768200367,3,0
45,0.693996374438259,1.94104088060145,2,0
45,0.961263178690447,-0.869144631240964,2,0
46,1.28137722609192,-0.181000108480802,0,0
46,-1.86708280955933,0.900193538105075,1,0
46,0.498928690153162,-1.10608312291354,1,0
46,0.872737911267472,0.685687852987076,2,0
46,1.2858960380785,0.129158924121082,2,0
46,1.00575806287567,-0.0112636468374672,0,0
46,2.63709757448667,0.695297741987064,1,0
46,-0.193301261516287,-1.45892300198065,1,0
46,0.636204964011257,1.11401113306977,2,0
46,-0.260965565087229,-0.40126464812029,0,0
46,2.14539820804776,2.38182462022282,7,0
46,-0.231334452694592,-0.590736443598859,0,0
46,-0.28269565817522,0.811915985572439,1,0
46,0.234211553186569,0.0721935049323984,1,0
46,-0.840024326401257,-1.2223205033296,1,0
46,1.33879738598163,1.70759081027666,2,0
46,0.0650291818693096,-0.315827368445387,2,0
46,-1.49697343786005,-1.43637657876533,0,0
46,-0.1173244303475,-0.198859618275921,4,0
46,-1.06237744103334,-0.673724057438835,0,0
46,0.13333295498987,-0.608570171077436,0,0
46,-0.363044908662993,0.381671211419998,2,0
46,0.284127899706119,2.48736499967315,1,0
46,1.13669378839786,0.734072761249011,1,0
46,0.0505051291529302,0.277202188642702,2,0
46,0.0338879692537489,0.394289210876012,2,0
46,1.16044035209541,-2.34134434537499,1,0
46,-0.723537747543175,-0.221291206657776,0,0
46,-1.02314226798842,-0.36280514401127,2,0
46,1.30987483427218,0.951241088176841,1,0
46,-0.866365082736013,-0.910497845010688,1,0
46,0.559529774417447,0.180393169635679,3,0
46,-0.928407984821133,-1.52219596934125,1,0
46,-0.177256849720754,-0.408757474564682,0,0
46,0.76511634001102,0.647527445219928,2,0
46,-0.812511109889163,1.01953747845948,3,0
46,-0.175448120911688,1.96134074477617,2,0
46,1.93907071541376,0.0551387464294807,2,0
46,0.289613551123048,0.175728101468177,3,0
46,0.257368888723485,0.019453617967469,0,0
46,1.13607104412591,1.89180080767199,0,0
46,-0.263987850646477,1.07337903877641,1,0
46,-1.17146819780231,0.178548075642728,1,0
46,1.36753289658934,-0.862934967108724,1,0
46,3.32006028326481,-0.260993636668941,3,0
46,-0.10889207537326,-0.0819689824324783,0,0
46,-1.83994562106166,-0.938181193173371,0,0
46,0.322708115186012,-0.000622145477380871,0,0
46,-0.656595230086584,0.781986494929972,0,0
46,0.327469123333361,-0.42002253312483,1,0
46,-0.851452449198878,-0.165090729514867,1,0
46,0.300464247260529,-0.651023817684273,0,0
46,-0.723708574667707,-0.103421012371098,3,0
46,0.146153586154428,-1.72920677761682,1,0
46,-0.190220812676884,-1.20237272390343,0,0
46,-0.00856847471353687,-0.0776752508895418,1,0
46,-0.136155880915422,-1.71241295874389,0,0
46,0.102251728527527,1.49371921264909,1,0
46,-0.62395687819845,0.305759194997138,0,0
46,1.02313053908576,0.0495290617368187,1,0
46,1.58641006211034,-0.389400283046116,2,0
46,1.55943260538885,0.704686393809798,1,0
46,0.804009381897871,0.485247564631436,2,0
46,-0.599526287924606,-0.55200170691763,0,0
46,0.114097878219883,0.647707734161426,0,0
46,-0.252166496618469,-1.73716230742503,0,0
46,0.111131938997446,-0.57631528533124,2,0
46,1.80085752529178,-0.617031485564062,0,0
46,-1.62323394297149,0.974408167015201,1,0
46,1.74959061019793,0.34870028754497,2,0
46,1.36978398732866,0.621599501085006,2,0
46,-2.26841409502924,1.50131611843983,1,0
46,-0.191718090489789,-0.500238271227033,0,0
46,0.592911877987863,2.01638704502449,2,0
46,0.553766118445061,-0.787635696583711,0,0
46,-1.34237336265783,0.0425473038650722,0,0
46,1.25376827288958,-2.12163369431829,1,0
46,0.251156011816899,0.239890614747709,1,0
46,-0.976561502463044,-0.521590479979987,2,0
46,2.11777928144212,-0.176922893310977,0,0
46,-1.38240780167679,-1.49765846252473,0,0
46,0.706446288902889,0.950675332171608,2,0
46,1.83845616971982,0.874791005068355,1,0
46,-1.21351169824605,-0.0307201854835523,1,0
46,-0.288242420216827,0.448576246949152,0,0
46,-1.96129270740261,1.75524727842348,1,0
46,0.369746279350981,-0.247248559731511,0,0
46,1.15385474796642,1.20394636508467,0,0
46,-0.426000490838245,-0.647527688548135,1,0
46,-3.54105016580999,-0.890595215112431,1,0
47,-1.11996820421035,-0.328392104385624,2,0
47,2.1469164305216,-0.710875767709282,0,0
47,-0.0721581814139261,0.999766930875483,1,0
47,-0.330277009202656,1.39106775514048,1,0
47,-0.584266335699259,-0.721247270114365,1,0
47,-0.0382330770410803,-1.33942665432681,0,0
47,0.497004711216053,0.615841454291774,3,0
47,0.70686826371705,0.0630677875557037,0,0
47,1.02979958530844,-0.28177647698068,2,0
47,-1.25264894771352,1.05506863688963,1,0
47,0.0661908273560435,1.18829700334732,2,0
47,0.669220728863333,-0.459500773582208,1,0
47,-1.3061375835648,-1.38850818726366,0,0
47,-0.00652702414690165,0.235447490167578,4,0
47,1.42546184070129,-1.56253392792547,0,0
47,-0.0369814673593069,-0.862052054871602,0,0
47,0.848128743883362,-1.48143232847651,0,0
47,-0.570571519248502,-1.04727323957364,1,0
47,-0.996641913854371,0.171482885024911,0,0
47,-0.563722453494169,-0.848149279543822,3,0
47,-0.381847910814516,-0.0575356939116511,1,0
47,1.43659239920001,1.13324617156085,1,0
47,1.63516989590866,1.14909453978515,2,0
47,1.66317070751573,-0.126930627461095,1,0
47,-1.93802478324894,-1.99514098015784,0,0
47,1.10118966203797,-0.399830092882672,0,0
47,-0.395377578238324,0.122605428330748,1,0
47,-1.29887983394252,-2.51589137741997,1,0
47,-0.792653705733831,0.398902748246887,2,0
47,0.540267675128814,-0.746159360822665,1,0
47,1.03737828779053,0.352497882653325,0,0
47,1.19194533210189,-0.241408086026643,3,0
47,-0.0406504727129076,-0.705253915683387,1,0
47,-0.748040711819111,-0.621585819184347,0,0
47,0.126551533636369,0.327572297539797,2,0
47,-2.04397088843024,-0.0169977341627742,0,0
47,-1.17038908596997,0.0962335649423598,1,0
47,-0.18756549096012,0.876421699828007,2,0
47,0.280762196319491,0.12609850089141,2,0
47,2.07473647905465,0.15577521811632,2,0
47,0.343195580905837,0.101318847640585,1,0
47,-0.452143280431737,0.355717620657413,0,0
47,-0.704382088550603,0.682487563151471,2,0
47,-0.490561998199281,-1.29934143369151,1,0
47,1.45414398296211,-0.314500139328156,0,0
47,-0.667623637496704,0.272703621837978,1,0
47,-1.44778739701138,-1.04948977147426,0,0
47,0.465028586738315,0.613249338029384,2,0
47,0.378715228574608,-0.163403202639691,1,0
47,-0.272434782564901,-0.117933229204205,0,0
47,-1.01879057895052,-0.403818300176983,2,0
47,-0.330978021544599,-0.198153964062586,0,0
47,0.624811729744342,0.943238417220306,0,0
47,1.20216643386126,-0.483293987746127,2,0
47,-0.87658120169464,-1.8069626148851,0,0
47,-0.26787273154373,-1.83587323829504,1,0
47,0.952669941553851,-1.75930672887575,1,0
47,0.655831822149732,2.00174862903442,4,0
47,-1.3271220411663,1.06874287350987,1,0
47,0.774145728161796,-1.71376057349563,3,0
47,-0.54481370367741,-1.72293465653215,0,0
47,0.963072586031915,-0.993313630602551,0,0
47,-1.33968151014731,-0.215235826099216,2,0
47,0.326614822074002,-1.38255434708658,0,0
47,-0.0192382898940108,-1.47139319364985,0,0
47,1.2782287917036,1.52894119236908,5,0
47,0.322745300576364,0.789739190715509,2,0
47,0.789895896855656,-0.334114524156107,2,0
47,0.813914603044392,-0.955209467125728,1,0
47,0.29997311271556,0.232695096132543,0,0
47,0.0923744197511592,2.1419379653162,2,0
47,-0.118388349213041,1.06005660581248,0,0
47,-0.0275285326215968,-0.448524057251859,1,0
47,-0.821710309150184,-0.838461393567108,0,0
47,-0.421930380173067,0.55520838420328,0,0
47,-0.749470127573197,-0.843090588291086,2,0
47,0.898788383727343,0.274089549192545,0,0
47,-0.0418765725930367,-1.14917265312017,0,0
47,-1.06602572670502,0.367445792020412,0,0
47,0.269287396962958,-0.158594317289172,1,0
47,-1.33861172064772,-0.981668171791236,0,0
47,-1.42893514473189,1.16607814754833,0,0
47,-0.215922667173911,-1.05641437409787,0,0
47,-0.0655963740951705,-0.498046243604922,2,0
47,-0.414588902831961,0.763997932151278,0,0
47,1.36150201812394,-0.859192292939207,1,0
47,1.88208455337193,1.5414891098615,0,0
47,-1.21955456075187,-1.37482002924405,0,0
47,0.597172627267526,0.889181605651209,0,0
47,1.04514193239038,0.469253280305314,2,0
47,-2.10864429488806,-2.56268973982735,0,0
48,0.0346835789323884,0.196064229208975,1,0
48,0.439356148052489,0.20854954358745,2,0
48,0.497498469140159,0.860120782324115,1,0
48,0.526404497089903,-0.297952200595886,2,0
48,1.27470235427948,-0.691284339713384,2,0
48,1.12537442719137,1.18394255092682,2,0
48,0.467578345396792,-1.27429736193643,1,0
48,-0.426111149816466,-1.41797800551647,0,0
48,0.801484657557019,1.4233503570979,3,0
48,0.494786637799882,1.18539888250422,1,0
48,-0.954332426476998,0.538935760892348,2,0
48,0.451068618533857,1.45078039119932,1,0
48,0.721676086991083,0.330721460966776,1,0
48,-1.39894667477522,-1.0918214847797,0,0
48,0.0242378233383193,-0.305203099861031,2,0
48,-0.295661744485607,0.0259825618579302,1,0
48,0.266164481319717,1.03352401309202,2,0
48,-0.154745742185143,-0.480203934432671,2,0
48,0.127258816985502,-0.561446124324134,1,0
48,0.286750972647542,-0.0788772847365198,1,0
48,-0.0188033436584267,-0.3047482848171,0,0
48,-0.439662692018418,-1.24090975539797,0,0
48,-0.426903312607981,-0.45606264048405,0,0
48,0.67403170890294,-0.704757834140729,1,0
48,0.65282099843339,1.05713435228115,4,0
48,-0.169648876505064,-0.401198086991659,1,0
48,-0.601767991426563,0.992244882104503,1,0
48,-0.869132960840996,-0.302549726611996,0,0
48,0.571304988328626,0.840520414237855,1,0
48,1.12843957742658,1.75867524981024,3,0
48,2.14159502597018,-0.167656476461785,1,0
48,0.38784568925074,-0.576326600432014,0,0
48,0.757391651202943,-1.90977233865912,1,0
48,-2.08698764247763,-0.405099045044678,2,0
48,-0.580127889003521,-0.637174569234489,1,0
48,0.7783726104416,1.68471354721934,3,0
48,0.149513202287859,0.849655181898452,1,0
48,-1.13949026636329,0.760848282579337,2,0
48,0.244621038520335,-0.418666089469566,0,0
48,0.808540640957887,-0.470860097912371,5,0
48,-0.650247190033955,-0.965971516421934,0,0
48,1.34189613188932,-0.356413913467416,2,0
48,1.65592405909017,1.76773999947984,1,0
48,1.2594884874286,0.216389083441345,3,0
48,-0.267467199222049,0.905532117181193,1,0
48,0.271652233813366,-0.549108902480873,2,0
48,2.46260779786343,-1.06379417927369,1,0
48,-1.68778982709717,0.749058554602577,1,0
48,0.872093762049473,0.681449811537684,1,0
48,0.237466484425257,-0.452476231284022,0,0
48,-0.367645860316242,0.17859416166559,0,0
48,-0.811001274111862,-2.17629852131762,0,0
48,0.984952840909018,1.23700042245774,0,0
48,-0.515787811968444,1.2796498884634,2,0
48,0.970442546550221,1.4541483806771,0,0
48,0.244493254450473,-0.917420890701833,3,0
48,1.792070129462,-1.46663464762279,2,0
48,-0.890263834031334,-2.23147221646276,1,0
48,-0.577500810963697,0.303391778376186,0,0
48,0.535823613320059,-0.612761340476219,2,0
48,-1.20572623692242,-0.67630407097815,1,0
48,-0.805076248999355,-0.291986819634677,1,0
48,1.33531565725787,0.300365507267047,0,0
48,1.23492636552453,0.525453472138988,1,0
48,-0.0571782216256396,-0.0938105893313351,4,0
48,0.383253421251,1.05103918588863,1,0
48,0.531238995179437,0.439137077880745,0,0
48,-0.170611611255645,-1.52566100120721,1,0
48,0.342563311935701,-1.51833354428028,1,0
48,-0.169803272983922,-1.77917604313258,1,0
48,-0.827361824933974,-0.541892801360192,0,0
48,3.40539752932104,0.524172561463383,1,0
48,0.331710460953113,0.840324998691182,1,0
48,0.651837714979369,0.608527221311641,0,0
48,-0.144563083874211,-0.106162078184515,1,0
48,-0.282312947038144,0.208944592140534,0,0
48,0.156785042864643,0.322653728311325,1,0
48,0.472474917932033,0.330721729139078,0,0
48,0.930361713715966,1.14757927518311,1,0
48,1.91700082973349,-0.709901207256891,0,0
48,-0.0301627443061257,0.934680466153954,1,0
48,0.864225022864018,0.0480440822077655,1,0
48,-2.40135114336089,-0.415836632986957,1,0
48,0.212283406276228,0.138292076944319,1,0
48,-1.44265432801144,-0.106680689238793,0,0
48,1.09233626027084,1.28312561654086,0,0
48,-0.942808679802123,0.764299936761632,1,0
48,-1.6339131221494,-0.818240096530363,0,0
48,-0.0921992155246556,-1.41252886886875,2,0
48,-0.843531063621296,-0.392969899614271,0,0
48,0.966546301041475,0.770490512455243,2,0
48,-0.594308648273776,-0.412499256966243,0,0
48,-0.990291734024241,-1.30844821953266,0,0
49,1.1291846356371,0.668307734264808,4,0
49,0.696807150190825,1.24115182976957,1,0
49,0.407343429554139,-0.222790397403007,0,0
49,0.156757250592267,-0.109593580964211,0,0
49,0.00505697975914131,-0.540163906024701,1,0
49,0.663696836985263,0.00659133258961347,0,0
49,0.0040744092611505,0.15295369597185,2,0
49,0.177942806564263,-0.525982094052683,3,0
49,0.286200741633352,0.0349932296819233,0,0
49,1.12001309775887,0.0113559865731145,0,0
49,-0.116860905922265,-0.62244377368127,0,0
49,-0.212160629900997,0.116874059143053,0,0
49,1.07424790194486,0.0195929990518809,0,0
49,0.14149251216805,-0.2784479332279,2,0
49,-2.17114079894229,0.437288814759462,0,0
49,0.294543175509908,-0.683712672456656,3,0
49,1.50354974655364,1.6513313716308,3,0
49,-0.926891796359635,1.23439373958554,2,0
49,0.0997180701706272,0.401201062904012,1,0
49,-0.382368647979728,-0.433782109816803,1,0
49,-1.33222363999298,-1.331258570966,2,0
49,-0.376725182890988,-0.337119519207191,1,0
49,-0.227451632535997,0.696013506739633,2,0
49,-0.170703418466947,1.15656652837437,1,0
49,-0.567796670318571,1.62058690726867,2,0
49,0.292549721364705,-1.82639150906264,0,0
49,0.377296782209436,0.0473980393109322,1,0
49,-1.20388126690931,1.0351310622819,1,0
49,1.01470766120767,0.238629096696514,2,0
49,0.576790880653307,0.413542088600631,1,0
49,-0.452603987836115,-2.20656670143795,1,0
49,-0.36072199065337,-0.593201015104625,3,0
49,0.239524466078709,-0.928912171325333,0,0
49,-0.896525173055767,-0.744343467419272,0,0
49,-0.932448957457094,-0.175113647368602,1,0
49,-0.591441586482656,0.0453102235873793,0,0
49,-0.413545294853412,-0.759882727349379,3,0
49,-0.281056563406302,-0.211099071147262,0,0
49,-0.806070881009423,-0.197792110782864,1,0
49,0.391003533160119,-0.537271318316181,2,0
49,-0.421538911080154,-0.110912326281147,0,0
49,-0.772064377900905,0.362770064405568,2,0
49,-0.463196268872032,-1.25191987102019,1,0
49,-1.20598622148026,-0.0482217972117123,3,0
49,-0.747831051900032,-0.151526897463244,0,0
49,-1.31360717586203,1.36502725897291,0,0
49,-0.582355736360289,-0.259107412541559,0,0
49,0.719592169995106,-0.757197274283363,1,0
49,-0.289153810098633,-0.936849665755596,1,0
49,-0.770766054268115,0.340608607969205,0,0
49,-0.1499335791905,-0.648324994780309,0,0
49,-0.0840572052571311,0.796882799256957,2,0
49,-2.1352487104374,-0.947844537706888,1,0
49,0.346250154840057,1.87774394053322,2,0
49,0.09140899477303,0.188650633954432,2,0
49,-0.208475378257307,0.518036867566903,1,0
49,-1.62199587361911,0.0194111262043497,0,0
49,2.60122120310361,-0.677982845589579,1,0
49,0.0276261599908574,0.186019843827296,2,0
49,1.43247969636329,1.51933968313606,1,0
49,0.496931159835652,-0.522778325658737,0,0
49,0.999696307927573,0.617063745953715,0,0
49,1.44607022825604,0.92853181095888,4,0
49,0.865689347879781,1.21416045358298,2,0
49,0.670655072537859,-0.0853425777287976,1,0
49,0.798245556045987,0.488372449015271,1,0
49,-0.402651988112875,0.977382217413044,0,0
49,-0.633700511878397,0.716131438475182,2,0
49,-0.970260060041831,0.33664313692127,1,0
49,-1.30684257265092,-2.32726389037005,1,0
49,-0.350820911867813,0.100109978380822,1,0
49,-0.851801080514156,-0.542371382611438,0,0
49,1.91093638242887,1.57136238360811,2,0
49,-1.17381694218322,-0.216475084714236,1,0
49,0.372697631163671,-0.471037094469881,1,0
49,1.74308533303955,0.245155015135763,1,0
49,1.05895039432669,0.10492201448908,0,0
49,-2.01983281866621,-0.706281120983196,1,0
49,-0.754931953365811,0.208988288347715,1,0
49,0.530919817466871,1.66880453107377,0,0
49,0.972013796744716,-0.927301754788964,1,0
49,-0.886560783656512,-0.662689705818836,2,0
49,1.1364670741379,-0.510369814072179,0,0
49,0.130752485446283,-0.672428935268192,0,0
49,0.302735191228629,-0.745700414836182,0,0
49,-1.56455038362029,-1.48197013529386,0,0
49,-0.906842989702485,-0.242896061396542,1,0
49,-1.22326314385858,-0.37557503336406,0,0
49,0.342457685945627,-0.844944004430838,2,0
49,0.843819669704054,-0.923693498006216,1,0
49,-1.49256556690986,0.338176845145063,0,0
49,-0.122092083214836,1.68295191989433,2,0
49,-0.212720079336117,1.94424346338132,0,0
49,0.691680505323922,0.843812499701462,0,0
49,-1.75604354511373,0.112262876072043,0,0
49,0.939009526626594,-0.111160033536736,2,0
49,1.49834852439913,1.51855747193563,4,0
49,-0.247839371567303,0.138128573618821,1,0
49,1.08613855606874,0.667350951513677,3,0
49,-0.765876172282137,1.11914029762986,0,0
50,0.544027822343819,-1.37705577303935,3,0
50,0.348923101645216,-0.580277663841634,0,0
50,-0.486862915768509,0.253215992463155,0,0
50,-1.52038830281501,-0.331718415047805,0,0
50,-0.410048992360252,2.14329394114464,1,0
50,-0.135702762623098,-1.45588620872601,1,0
50,-0.385314939383009,-2.53240760497112,0,0
50,1.43046372250183,-0.591349937842393,0,0
50,1.51735553090931,-0.177602797837819,0,0
50,-0.940572645349299,-1.48294225761463,1,0
50,1.0091953646755,-1.18457970799527,0,0
50,-0.226388243778959,0.393911418804465,2,0
50,0.55918228077456,-0.500616716667918,2,0
50,1.02500727363996,0.1620272722898,1,0
50,-1.69724476066993,-0.827364955650196,1,0
50,0.000232169293919346,0.721058389225197,1,0
50,1.37024350453529,2.64861033779551,4,0
50,2.25770181733733,-0.275467380028605,3,0
50,-0.160734559525659,1.0480320613835,2,0
50,-0.384211491545568,-1.79023364816907,0,0
50,0.41027054226154,-0.265601542189185,4,0
50,-1.12303552025857,-0.426346215934886,1,0
50,-1.06182074302927,-1.07159619478726,1,0
50,0.423890235704117,-0.395133937506655,0,0
50,-1.17870850996761,0.311445840058195,1,0
50,-0.763688655763074,1.88915644290095,0,0
50,0.435235385750017,-1.12555456148626,3,0
50,1.1153079967271,2.11968876259464,2,0
50,0.81169699965367,0.304424872268391,1,0
50,-1.0706873606286,-1.65869566834881,0,0
50,-2.37048706649744,-0.793633723846377,0,0
50,-0.621718583031319,-0.42503893347936,0,0
50,0.361700441016083,0.857016355184683,0,0
50,-0.53961036131365,0.158489427518118,0,0
50,-1.93788735878415,0.947107302485846,1,0
50,-0.960893392141933,0.59102126835582,1,0
50,-0.681532469957416,-0.321188410642414,2,0
50,1.278258463726,-1.23675032310836,2,0
50,-1.84310964394093,-0.303095569812309,0,0
50,0.799767682247067,0.753403137121988,2,0
50,-0.785066689727149,-1.20961303289454,0,0
50,1.69662427771335,2.5004324331803,3,0
50,0.490830922358859,-0.902551535332138,0,0
50,-0.152279774049721,0.754541081544277,2,0
50,-0.082407372722987,0.19368933726921,0,0
50,-0.815273620744546,1.73943219460449,2,0
50,-0.947098558004913,-0.442966801408982,1,0
50,-0.439545630467074,1.53236673043458,2,0
50,1.63971050041006,-0.937964420047342,2,0
50,-0.929222507540415,-0.623907871033426,0,0
50,-0.275542503694984,2.07005931221124,1,0
50,-0.732241063978566,-1.55275392618899,0,0
50,1.83146358619349,0.300509647391793,1,0
50,0.994369814041544,1.42236746261426,4,0
50,2.46329703912866,0.580297451561506,2,0
50,-0.694596562909333,-1.40694720923429,1,0
50,0.227158270295107,0.865238323790408,0,0
50,-0.43761546185956,0.0917211162191612,0,0
50,0.336462526145411,1.0720344888943,0,0
50,2.31745682682872,-1.11680338756695,1,0
50,-0.508180057824627,0.422969114193692,1,0
50,1.70604991547384,-0.172504632372444,1,0
50,-1.41289807077651,-0.357974785885958,0,0
50,0.164024496391844,0.328059842792971,1,0
50,0.697537382023048,0.0142728746668505,2,0
50,1.035570512964,-1.27449001320744,0,0
50,-0.602048159043923,0.239405728521801,3,0
50,0.695845005280026,0.365999518730638,3,0
50,0.56944622364617,-0.365169081706456,2,0
50,-0.590757509531627,0.455524944240597,1,0
50,0.156993578018411,-0.940772957250053,0,0
50,-1.26853455016508,-0.196474605836499,0,0
50,1.49708591233027,1.25101763738676,1,0
50,-0.177131036221121,-0.479248873623354,1,0
50,-0.328002051902085,0.0950114903525057,0,0
50,1.08282305601437,0.0144642413533399,2,0
50,-0.181063142682047,1.12672095351033,2,0
50,-1.33653920784065,-0.41860087790108,0,0
50,-0.0888303457892708,-0.843100926024779,1,0
50,0.148605242071441,0.0679695633438424,2,0
50,-0.730043388184974,-1.02645079804517,1,0
50,0.997666090357259,-0.385591485643062,0,0
50,0.825813470800744,-0.329587149962971,0,0
50,-0.628147151531423,1.08149053690391,1,0
50,-0.123861068224674,0.771100597175757,0,0
50,1.20253970587066,0.880278303818239,1,0
50,-0.123771987397792,0.980713222207001,2,0
50,0.417658941378595,-1.19919774701598,1,0
50,-0.777947625609646,0.948375139426841,1,0
50,-0.532667710711036,-0.654734321332581,2,0
50,0.273730455820641,-0.438198058413716,1,0
50,0.139356438120138,0.0307374274296385,0,0
51,-0.554905710141554,1.16489250679427,0,0
51,-0.97323610178252,-0.47974850569913,1,0
51,-1.54259735699599,-0.254114750200427,0,0
51,0.110876567221943,0.0864656548576309,2,0
51,2.19102940518289,1.24244246102383,1,0
51,-1.65056355984923,0.676540182226057,0,0
51,1.38092096632784,0.835182182138519,0,0
51,0.801372643472998,-0.838981987166427,2,0
51,-0.0677356015519463,1.3125774519111,2,0
51,-0.164888639275928,0.0830100177690983,1,0
51,0.253072397645561,-0.623947626820507,4,0
51,0.457762057223745,1.10802266932185,1,0
51,0.58284875941173,1.18060972724251,1,0
51,-1.20776236777684,0.515534311671748,0,0
51,-0.0759477775228511,-0.906956515186774,0,0
51,0.382194087093743,1.31424155416631,1,0
51,0.0648573249161028,-1.01829625674611,1,0
51,0.285482732490452,0.149725548388524,2,0
51,-0.0157118379815999,-1.05152179431212,0,0
51,-1.24291677278174,-0.576095423015163,2,0
51,-0.622951227757682,1.24485213414527,1,0
51,0.405474554872946,0.104714719458933,1,0
51,0.358909480083508,0.580147458036754,0,0
51,0.00187348127717866,1.2046657929609,0,0
51,-0.417475495140847,0.121594830108987,2,0
51,0.613513157634545,-0.124010522117969,0,0
51,-0.926125973050682,-1.6428736181155,0,0
51,1.33807925554093,-1.97779129788876,2,0
51,0.907225296164306,0.292129077680093,1,0
51,-0.301361003854688,-1.51753713436161,0,0
51,-0.436980795075601,-0.123756532688102,2,0
51,1.39843156300557,-0.733172827142062,0,0
51,0.908399226536446,1.1976885313946,2,0
51,0.613383824476766,0.434583769373519,1,0
51,1.15268174174592,0.0702245084448504,1,0
51,0.797298770377501,0.688849175892938,0,0
51,1.61680390579366,1.23709321516606,0,0
51,1.11269078167126,-1.44225789899703,0,0
51,0.437359498698321,1.34262598544548,2,0
51,-0.163531071217221,-1.39298172619734,1,0
51,-0.990663275134304,0.0444091908984164,0,0
51,-1.16837093923319,-0.43913492144437,0,0
51,2.23611966284612,0.682143576649361,2,0
51,0.558638361369662,-1.13096987049699,2,0
51,0.268536916538559,-0.0734798904326794,0,0
51,0.685695301834658,2.06904967853938,1,0
51,-0.591328546065102,1.40818262941926,1,0
51,-0.984900378345426,0.048118022600896,3,0
51,0.111489641815755,0.074738312512527,0,0
51,0.139487278317399,-0.115522263323167,0,0
51,0.156283394851456,-0.8420162270748,0,0
51,-0.060596997266093,-1.84546517217426,0,0
51,-1.1427496761563,-1.34367149253751,0,0
51,1.21827989483143,-2.6538598797541,2,0
51,-1.79933191144028,-0.575971211288195,0,0
51,1.5014685148128,-0.450553850499163,1,0
51,-0.213265462032415,-0.0788107860136052,0,0
51,-1.15126672252812,0.362807075967373,2,0
51,-0.095293896315959,-1.2192129579104,1,0
51,-2.21892939990853,-1.22950198945899,1,0
51,-0.0570440101764942,-0.804784092802079,2,0
51,0.912108979779901,0.0625564981974215,0,0
51,-0.469755821954105,0.0644849614907054,0,0
51,0.534235306522518,-2.42227501308336,0,0
51,0.590338762367318,-0.0326227356199855,2,0
51,1.63351788327726,0.307538511422894,2,0
51,-1.28360490473208,-0.807785241188856,2,0
51,1.09928496059192,0.163760891354785,1,0
51,-0.625748265956093,1.76253956208895,1,0
51,0.992358642434836,-1.00243640700131,2,0
51,-0.368119034874441,0.970498108042235,2,0
51,0.756002641336786,-0.655987946106776,3,0
51,-0.440386553606609,1.36478958185381,0,0
51,-0.900870431673045,-0.199646576849888,3,0
51,-1.03159033478671,-2.53709162156073,1,0
51,-1.98278164359879,-0.567356398354412,1,0
51,2.04328755597422,0.745805699894046,1,0
51,0.0628818695212644,-0.799817224696937,3,0
51,1.46313884717576,0.930576542203086,1,0
51,0.937789094902413,-0.269137533442446,2,0
51,0.418988111568708,1.53957753538526,2,0
51,-2.75522941557765,1.3752118414112,2,0
51,-1.00084870708655,-0.337500213584805,0,0
51,-0.133753141254556,0.890664201481097,1,0
51,-0.00283136323300869,0.825939715548228,6,0
51,-1.17232752001042,1.44653491296791,0,0
51,0.179269798035012,0.0266147678795118,0,0
51,-0.474341803426344,0.513183037378373,1,0
51,-1.17844782591613,-1.74724394641185,1,0
51,-1.25990737774452,0.225831776044388,0,0
51,0.980696391888906,0.983702098221748,6,0
51,-0.240900796925232,-0.089876150233808,3,0
52,0.378946780876996,0.608515872718449,0,0
52,0.629672236116605,0.197440817859812,1,0
52,-0.751018357114589,0.596445245305486,0,0
52,1.14477865129014,0.141676355563273,3,0
52,0.983928121590227,-2.0100251242496,1,0
52,-1.11359462763028,-2.37301045448455,0,0
52,0.833987786711718,-0.249081454379833,1,0
52,-0.0272051225544713,-0.252167713757126,0,0
52,-0.532542866735482,0.442806133810576,2,0
52,-1.71183390050283,-0.000688690393086215,0,0
52,-2.30235584523433,-2.25091217490114,0,0
52,0.296151413088118,-0.604295904048438,2,0
52,0.0786486232717298,-0.120439067074478,1,0
52,0.426213225827699,0.922808462131133,0,0
52,0.752317869012832,-0.358381984213162,1,0
52,0.32552156222454,-0.889039951797304,0,0
52,0.207044259839748,0.710459319189604,1,0
52,-0.35270979208042,0.392031781999298,0,0
52,0.839421511723002,-0.977960685857174,1,0
52,0.159434505412647,0.607674257077888,0,0
52,0.428296779285018,-0.393871124370846,2,0
52,1.14521419596951,-1.30103659683089,2,0
52,-0.65417965260763,-1.09127053392723,0,0
52,-1.18325104333636,-1.00513768244012,0,0
52,-0.95991528309866,-0.544667562618185,1,0
52,0.785461199932609,-0.0023007419865426,2,0
52,-1.86128439944255,-0.300359045426461,1,0
52,-0.572825513243263,0.989893050234452,2,0
52,0.439387978629541,0.179198632472353,1,0
52,-0.447919465381393,1.08812573981779,5,0
52,-0.579986822080232,0.477294353150846,1,0
52,2.02902355670286,0.390368722468933,2,0
52,1.11751836670046,-1.13723680564725,3,0
52,-1.01273146493999,-0.434473545230455,1,0
52,1.7096100941759,0.536285375363073,2,0
52,-1.22181667400431,0.423556182710175,1,0
52,0.73499243963464,-0.67992075632149,0,0
52,-1.68038989312231,-0.650937960978969,0,0
52,2.07369782999938,0.917607261327412,2,0
52,1.15291721225505,-0.265129412796421,1,0
52,1.08620482817096,1.25584212258702,1,0
52,0.153418560775739,1.31034959854096,1,0
52,0.715095013758216,-0.409560925339995,1,0
52,0.807867242501387,-0.774132652789167,1,0
52,1.45622841664894,1.0077967610434,2,0
52,-0.414086194765911,-0.804310539082978,2,0
52,-1.7470779399598,0.894695450204558,0,0
52,-0.30386025537477,-1.4070876168078,1,0
52,0.753644499744531,0.45026243616458,0,0
52,-2.2248283197127,-1.09561611133416,0,0
52,0.206758559207942,0.423059595935666,0,0
52,2.11376868260526,2.13518435285571,9,0
52,1.61403074211918,0.557168080521525,5,0
52,-0.00182172159951051,0.988896104595628,0,0
52,-1.75794952467953,0.583058982745226,1,0
52,0.676593231256113,-0.187109797867206,1,0
52,-1.08258344249135,-0.163431580978203,0,0
52,-1.59337157132373,0.314184469545398,0,0
52,-0.720231479574269,-0.47018762447119,2,0
52,-1.1913373365986,1.69262717814934,1,0
52,0.271605424944611,-0.234115656183612,1,0
52,0.478526974731523,-0.591627879734214,0,0
52,0.521650258322155,2.32645414032877,1,0
52,0.540246495655031,-1.3340121488059,1,0
52,-1.13922918044206,0.909421105966871,2,0
52,0.655760594840758,0.159517413871739,2,0
52,-0.0624911981465186,0.314343985109859,1,0
52,0.587198416529021,0.782004173300943,1,0
52,0.0551632027927462,-0.605575700484999,0,0
52,0.109662300028226,0.668416846818051,2,0
52,-2.13391512820196,0.0234090064551755,1,0
52,0.658861494829379,0.0569055533694235,2,0
52,-1.13023182732113,-0.109757231225874,0,0
52,0.96493716153969,-0.284280250249535,2,0
52,0.386169600166953,0.105754598603353,2,0
52,0.898887577846536,0.224220692058158,1,0
52,1.00114478356994,-0.731693030181857,0,0
52,-0.484637289162389,0.424289478866025,1,0
52,1.2939092984805,-0.0247077349583203,3,0
52,-0.440179496364125,-0.910047060489431,2,0
52,0.746579182294856,-1.20187795865164,2,0
52,1.2113118867259,-0.129722334959778,1,0
52,-0.777329710422038,0.670245929986993,0,0
52,1.35852601035477,-0.0625474228423262,1,0
52,-1.98073275739896,-0.0485133426136937,0,0
52,-0.321371079298538,-0.646459083549793,1,0
52,-0.48507955451872,-0.346770776745653,2,0
52,1.37679472222429,0.639025298668438,2,0
52,0.642853531206505,-0.299226864984011,1,0
52,-0.553033003917801,-1.35193824941664,1,0
52,1.06340279310934,1.24458106394293,1,0
52,0.715673521523764,-0.188367661674777,0,0
52,1.3048738732551,1.67988966190909,1,0
53,0.860913492448608,1.24237863404277,0,0
53,1.61443071969242,0.422926213255062,2,0
53,0.964914452974723,1.61959575373097,2,0
53,0.23310433817166,-1.19889011091523,1,0
53,1.35117804966512,-0.0984940145844654,2,0
53,0.126443878053399,0.0420689532674348,2,0
53,0.460058729587025,1.60524830589369,3,0
53,-0.0517620504832132,-1.52912290449792,1,0
53,0.392006872460259,-0.139482177007375,2,0
53,0.230448715042254,-0.0281633268076832,1,0
53,-1.27532903885877,-0.202487222091968,1,0
53,-0.90162799788747,-0.408982359233887,1,0
53,0.315754761906556,-0.972083575393295,2,0
53,-0.471970390946314,1.81812686385306,1,0
53,-2.09755967893318,-0.887851329835077,0,0
53,-0.0540889143457648,1.39537446113648,2,0
53,1.23473093217658,-2.64698975250935,0,0
53,0.312339834573219,0.102154636513236,1,0
53,0.307764296772344,-0.409688708792404,1,0
53,0.15858095537236,0.268504114389492,1,0
53,0.17105631402957,-0.474804002803131,0,0
53,0.268677375944898,-0.70146582044706,2,0
53,1.13681704528317,1.43084955158218,0,0
53,1.23237942805373,-0.653177452404505,6,0
53,0.237129285167999,1.19981011988728,0,0
53,1.33123411132776,2.03980842107947,5,0
53,0.216796832939774,1.40882416148982,0,0
53,-0.254601244244942,-0.534655566224524,1,0
53,0.513231282168977,-0.0374749850023978,2,0
53,0.256926169883561,1.58622121248623,2,0
53,2.02610374951735,-0.370093594655237,0,0
53,-0.184531836896451,0.109586131909838,0,0
53,-1.38809440446078,0.617315223901097,0,0
53,-2.29002003303849,-0.180294984577665,0,0
53,-0.784354542334983,-0.570032352110679,0,0
53,0.535067477887589,0.793022037579296,4,0
53,1.04466255620407,0.547237304231603,2,0
53,0.536793287011307,1.03956056151007,1,0
53,-1.81620244196568,-1.17846998792044,0,0
53,-0.637548094275178,0.371387928918045,0,0
53,-0.720981040066279,-0.477748326622762,0,0
53,0.0168110016850448,0.0715140647791177,1,0
53,-0.243285226423893,0.0960857247543815,3,0
53,0.211004334553637,0.561466682536445,1,0
53,0.825437076926311,0.366323892243459,0,0
53,-1.66793307875494,-0.487891955010733,1,0
53,0.283736913927708,0.35261013483712,1,0
53,0.673106287800966,0.334603768116858,2,0
53,-0.236872595769178,-0.778785247799582,2,0
53,0.0212421640591225,-0.637914263375751,1,0
53,-1.16363953460376,-1.24578572446583,1,0
53,0.0350287285262311,1.32536238117691,3,0
53,-0.429294049224566,-0.180156501360836,1,0
53,-0.296758319944005,0.915745318110189,0,0
53,-0.269525363091674,-0.264133308209663,4,0
53,1.50994456700573,0.399587343427623,0,0
53,1.59577614563719,0.406234818277014,2,0
53,-0.603665218958972,-0.914193764328104,0,0
53,-0.338947909369702,-1.90458378366608,1,0
53,0.0682249089437234,-0.979821808947167,3,0
53,-0.40147208778806,2.18059673749535,0,0
53,-1.44592433519221,-0.602703813092079,0,0
53,-1.35265734183198,-0.196015781435467,0,0
53,0.183270581807024,-1.09780326143943,1,0
53,0.749188758150953,1.09644585143555,0,0
53,0.590899839078005,-2.16635993515285,0,0
53,-0.995180442846226,1.41807345017424,3,0
53,-0.226794847026687,-0.947932534227427,1,0
53,-1.38052421593215,0.710520416200417,1,0
53,0.451918018175355,-0.224510812961881,1,0
53,-0.509423211782866,-1.27700950564664,0,0
53,-0.355248917290069,-1.49191589992434,1,0
53,0.513010865872188,-0.197675632560711,2,0
53,-0.363689499081434,-0.15967363803833,2,0
53,0.472884288039406,-0.00528208931469421,2,0
53,-0.81250972506217,-0.536359053152919,2,0
53,1.68335408099807,0.843120164155523,2,0
53,-1.77398109595298,-1.57684158316085,0,0
53,0.381091382140551,2.58872498502384,1,0
53,1.28050332969072,0.211135336731158,2,0
53,1.65177922298487,1.1116102862909,2,0
53,-1.08463895699691,0.311209364258385,0,0
53,1.03852102741713,1.39244199937866,0,0
53,0.842152670680723,-0.210877418867029,1,0
53,1.56630500127267,0.473789420451203,2,0
53,1.0424676479526,-0.135016381096107,1,0
53,-0.648107590519764,1.52591380450078,2,0
53,-1.01693272795982,-0.749384980355208,0,0
53,-0.154523755923969,-0.757893654032299,2,0
53,-0.257875304352459,0.774115716435188,2,0
53,1.18449901386638,-0.0571520667388672,0,0
53,-0.426297281445209,0.726414308472154,0,0
53,-0.523131570181928,-1.41426626280109,0,0
53,0.267693231927618,-0.369739528720051,0,0
53,-0.264620522109545,0.390690629268346,0,0
54,-0.171464818107781,-0.351272482237074,0,0
54,0.143897001073723,-1.07465552965521,0,0
54,1.07269696300875,1.52129439480144,3,0
54,-0.268154910913122,0.192508994587723,2,0
54,-0.680913288865279,-1.10540493107968,2,0
54,0.784575387085021,0.149856560410793,1,0
54,2.61357884301718,0.421909409504407,3,0
54,-1.60088131041504,0.58682779161951,0,0
54,0.0973495320148477,-2.1562064642488,0,0
54,1.12757422799177,0.0300179359972521,1,0
54,-1.20629060556993,-0.298252687207323,0,0
54,-2.26930177497826,-0.524119365701656,1,0
54,-0.528242789933627,1.48369965950136,0,0
54,1.36049900472724,0.154874654917354,1,0
54,0.355140205962163,0.152393256496356,2,0
54,1.69917894848522,0.362159891818542,0,0
54,-1.05567256850082,-2.34864097458915,0,0
54,-2.79334947217602,0.500748232402247,0,0
54,-1.44733476632826,-0.417496491838755,1,0
54,-0.00459238373117137,1.04313031783965,1,0
54,0.623694535287035,-0.653389847271236,2,0
54,-0.774676732268293,-0.0117680049581044,1,0
54,-1.02149052026321,-0.898033446037905,2,0
54,0.320862916877273,-0.302897270510598,2,0
54,-0.838734397436543,-0.151890110341795,1,0
54,-0.749013760487542,-0.563256773525893,0,0
54,-0.346346524690941,-0.439238752754372,0,0
54,-0.754995573512196,-0.573299577166408,0,0
54,0.835080287960661,0.655225265433645,2,0
54,-0.0957640725576916,-1.29980145735845,0,0
54,-0.0889834485058806,-1.82404485520017,0,0
54,0.277364244759703,0.449582558972907,0,0
54,-0.21158431012151,1.11058134273947,2,0
54,1.09174973921445,1.95291456138353,2,0
54,0.544193914646826,-2.78173788266009,0,0
54,0.549078924201074,-0.948784042506365,1,0
54,1.39849470251194,-0.597186574153586,0,0
54,-1.47953458861325,-0.706909780201414,0,0
54,-0.947350175199074,0.727711321903909,1,0
54,-0.384190007123998,0.190120087145303,1,0
54,-1.03310720000787,-0.19605012788039,3,0
54,-0.339317740951768,0.0320921515431903,1,0
54,-2.61022470983644,0.183843481032553,0,0
54,-0.307207849672285,0.203007971285101,1,0
54,1.21565815281685,0.264344106298416,3,0
54,2.16786075589652,0.782827683739407,3,0
54,-0.859319053134603,1.4852659095498,0,0
54,0.380189438308932,-0.498199231948102,1,0
54,-0.281843715884494,1.08996799592095,1,0
54,0.343768676907889,-0.0774862384852788,0,0
54,-1.13164923720063,-1.6736107653692,1,0
54,1.26287716743802,-0.982014460565616,3,0
54,-0.0629741453254612,-0.029527114791301,2,0
54,-0.00826542846098808,0.545013094303348,0,0
54,-1.24698988414623,1.21930714238968,1,0
54,-0.122324711432334,0.383028641312595,1,0
54,1.64733685685531,-0.762380959890239,2,0
54,-0.922268348410645,-1.58181540977201,0,0
54,0.642617859190966,1.20299330031062,3,0
54,-0.0849733556939726,-0.177318575157212,2,0
54,0.574366704777637,0.231416394934438,1,0
54,-2.38484712786764,-0.964616888475833,1,0
54,-0.530124349964254,0.415749226311136,0,0
54,0.612444591248962,-0.302969465230101,0,0
54,-0.803974991576564,2.24167492080947,2,0
54,0.287319809587336,0.160667269437987,0,0
54,0.862264177845703,1.07218868315015,1,0
54,0.2828263073069,0.0331907094548785,0,0
54,-0.486628307653518,1.23681829736422,0,0
54,-2.38343441078003,0.621469315884574,1,0
54,-0.288326404593446,-0.918247327281715,1,0
54,-0.854644592885198,-1.78451486563477,0,0
54,0.721027374303095,-0.46845042451585,0,0
54,1.63138813802653,-1.56672880329597,1,0
54,0.788086369541947,-1.0276768534868,1,0
54,-1.28606004471859,-0.587721973487127,0,0
54,-1.54918618557143,-0.209908504441699,0,0
54,-0.0396528654722563,1.12999304656008,0,0
54,0.224174134280493,-0.386707920124908,1,0
54,-1.82862107951291,-2.06963694473161,0,0
54,0.712575135416706,0.0672745437958553,3,0
54,0.50019837760257,0.229484354088096,1,0
54,0.782498181599228,-0.940321424741591,2,0
54,0.632700284288876,-0.920305715794847,3,0
54,0.454319945661947,0.275711603572406,0,0
54,1.77183224922927,0.0569239169979769,0,0
54,1.1392927942131,-0.413701760268053,0,0
54,-0.744854638150444,0.210903478512198,0,0
54,-1.00057277469859,-1.68616434179394,0,0
54,-1.26690436479904,1.62553541110224,1,0
54,-2.32638382703541,-1.97000406770931,0,0
54,-0.494642709963572,-0.434283652680055,0,0
54,0.0549135309626246,0.276391240502644,1,0
54,0.708318982153131,-0.88144251037799,0,0
54,-0.90489507037668,-0.947920818741761,1,0
54,-1.08165375694557,-0.466253394747109,0,0
54,-1.09529860743146,-0.062134219834647,1,0
54,-0.0285501648472708,1.07852949659053,0,0
55,-0.159734704841992,0.422711585198242,4,0
55,0.617065146046869,-0.236702687637195,4,0
55,-0.612617024851166,0.504303531887187,3,0
55,-0.651973952409511,-1.98766373984611,0,0
55,1.28882549187899,0.946850197731456,2,0
55,0.63347216243049,-1.42270358134632,0,0
55,-1.16459313619975,0.635635718210296,1,0
55,-1.13756746485526,-1.4212745710373,1,0
55,-1.57190750250924,-0.0357053575916204,1,0
55,0.206367966256852,-1.8966034040598,1,0
55,1.20094135993091,-1.73264679375583,1,0
55,-0.518613119889386,0.726948122070429,1,0
55,0.107349233083507,-1.60813991444756,1,0
55,-0.0448535425691893,1.01629763597147,3,0
55,1.33360403812204,0.515918170860771,2,0
55,0.360428557449979,0.503100971127562,1,0
55,-0.331414309769369,-0.713376932584968,1,0
55,-1.27290440907733,1.58435671599935,1,0
55,0.471137368751671,-0.105175768685427,1,0
55,-0.380777218895542,0.657599810944033,0,0
55,0.349542245792981,-1.29732691217337,0,0
55,-1.07855857813574,0.146848889938096,0,0
55,0.258247079703954,-0.558318998063246,1,0
55,-0.538453668772363,0.321660323418481,1,0
55,0.434322389158861,0.958113542563723,2,0
55,-1.08228634191059,-0.177662476655371,3,0
55,-0.192727913403594,2.07133734444486,1,0
55,-1.23274153442944,0.278971503466599,2,0
55,0.458549944674788,-1.57841186385134,1,0
55,1.1989852321665,-0.288226691043676,3,0
55,-1.0916350096224,0.240152642682055,0,0
55,1.07997439281542,1.4884291766151,1,0
55,0.939241584427828,0.626547380223703,2,0
55,0.0476496078398699,-0.493534476946417,0,0
55,-1.76013462236545,1.23813192441359,1,0
55,-0.311861163453338,-0.481564881731449,1,0
55,-1.14391781336083,0.0677212005582585,0,0
55,1.91413713421848,-0.207166769884746,1,0
55,0.00523895694334123,0.138720935481621,0,0
55,-0.389297717746589,-0.701988938858692,0,0
55,1.48413917396229,0.201326077289876,2,0
55,-1.23365391463075,-0.374484636396268,1,0
55,-1.19026420685776,0.120027160349133,1,0
55,-0.421686793444502,-1.58894672581734,1,0
55,0.944921841821511,-0.664313353420778,0,0
55,0.335279189925928,0.258954225959212,2,0
55,0.56394442068985,1.36204311698998,2,0
55,-0.707062940177925,-0.734345040352677,1,0
55,-0.878770590878365,0.302631452502426,2,0
55,-0.305690166184248,-0.758445759043741,1,0
55,-0.507415007276276,0.242376043622316,2,0
55,-1.0125496788914,1.32721220143946,1,0
55,0.925079131833748,-1.87696334585544,1,0
55,-1.20421696588891,0.14196771949788,0,0
55,2.01292541134228,1.61373883119316,3,0
55,1.11588580231307,1.64641557106148,3,0
55,-1.77132639804796,-2.16693573372358,1,0
55,0.0060765420657475,-1.90416084403778,1,0
55,-1.20722675469648,-1.26248564387581,2,0
55,-0.48295892200961,0.945855260674881,1,0
55,0.22395765724766,2.60897699876496,1,0
55,0.491327692726286,0.126877561100883,1,0
55,0.777972278297401,-0.585781485523577,1,0
55,2.16607452216268,2.08840657936684,3,0
55,-1.48752606711248,0.75405395325912,0,0
55,1.24745454852656,0.673924146969016,1,0
55,-0.238334977869953,1.01377445371709,0,0
55,-0.113084827200443,-0.445151093312318,3,0
55,-0.646417057381951,0.789564050691763,1,0
55,1.06954968272555,1.02750529135223,2,0
55,-0.135821455662971,0.589334041174754,0,0
55,-1.456393817385,0.703171324106153,1,0
55,-0.513127766072456,-0.673597540438498,0,0
55,0.367967202724453,1.61078956143897,1,0
55,-0.00678223073500438,1.14424157834345,3,0
55,-0.278201278637755,0.590752421509485,1,0
55,0.905427467798951,-1.02429772118037,0,0
55,-0.999248362429618,0.366615922377892,2,0
55,1.2381166313221,1.3521042587565,1,0
55,1.55906852512014,-1.17948214239832,1,0
55,0.294844320000316,1.76788184592309,2,0
55,1.154852607083,1.37868199490533,2,0
55,0.103776356983699,0.832010373957604,2,0
55,-0.206231242839522,-0.576521545314466,0,0
55,0.560031191542923,0.632669647354109,1,0
55,-0.0219262542887639,-0.703677629939075,1,0
55,0.336380419731029,-1.84797630422679,3,0
55,1.03627516984511,1.08404085810052,0,0
55,0.24271122675314,-0.954280069258226,1,0
55,0.408033556046741,-1.730034673927,1,0
55,0.817401486616747,1.85094797311091,2,0
55,-0.883228259883259,0.311187893807019,1,0
55,0.216521627638188,0.204503650478843,0,0
55,2.557651806585,0.447601432485817,0,0
55,-0.106653075781964,0.311384553899192,1,0
55,0.815275314877233,2.102754591838,1,0
55,-1.54955258938205,-0.73210687998485,1,0
55,0.0296931093634773,-0.386424743753809,1,0
56,0.467933625198983,1.1549880421782,0,0
56,-0.214002461819198,-0.13724591574915,3,0
56,-0.790737658907765,0.919528527610201,1,0
56,0.816206060377154,0.551161355067838,0,0
56,1.206446206087,0.375440865658475,3,0
56,0.811003403324191,-0.0846106633419573,3,0
56,0.807193546148322,1.00774967070459,3,0
56,-0.626033508399072,0.101644298536589,1,0
56,-0.764132617118764,-0.352266543480301,2,0
56,0.43780353363705,-0.0958288312484926,0,0
56,1.4957025247365,1.46891860903062,2,0
56,0.325545107648586,0.246217620037765,3,0
56,-0.649442945300913,-0.320259025822992,2,0
56,0.415507381070091,-0.980380956462745,2,0
56,-0.156579921941882,-0.381328031991305,1,0
56,-2.0502728648967,1.14323945214431,0,0
56,-1.57505506123044,-1.31315844187289,0,0
56,1.39114180411279,0.276636680350305,4,0
56,-1.98203633481101,0.333732280836386,0,0
56,-1.22951957972284,-0.896895987777904,1,0
56,-1.10752546495773,-0.991046035253325,0,0
56,0.799564625521296,-0.00458114013804556,0,0
56,-0.856523135044092,-0.234492490362098,0,0
56,-0.0221016121275169,0.816373056980298,0,0
56,0.639894023169236,-1.17401176390408,0,0
56,-1.6645033507056,0.464667981744041,1,0
56,-0.664401968293865,1.3488270637409,0,0
56,-1.08668231371248,-1.37194381611332,2,0
56,-0.124035124247508,-0.362822777684956,1,0
56,0.417872666571461,0.729370236178546,2,0
56,-0.352863262931517,0.25795451336973,0,0
56,0.395112751364351,0.607930861253478,1,0
56,-0.725787784028644,-0.677889470722777,0,0
56,0.762346502122552,0.0204446758652579,0,0
56,-1.04254344682174,-0.86438439705208,0,0
56,-0.572413435806454,-0.411367505062448,3,0
56,-1.62390585590424,-2.22977501785344,1,0
56,-1.72941889765517,0.266443337832275,3,0
56,1.7573817545185,-1.78800849214367,2,0
56,0.226291174412942,0.0472303316440351,1,0
56,0.447391101812619,-1.6154101614876,0,0
56,0.0794151892520121,-0.36024431747777,2,0
56,-1.20291497863316,-1.34351519861772,1,0
56,1.2834494838233,0.802620542217789,2,0
56,-0.254902926757726,-1.4848750849766,0,0
56,0.263937057841002,-0.0382777565590413,0,0
56,-0.806015752705992,-0.00834346535938559,1,0
56,0.118371872456578,0.573306634113529,1,0
56,1.00940524443464,-1.07629827048076,1,0
56,0.629920652953751,0.444016508805991,1,0
56,-0.806097344562556,0.640905263819763,2,0
56,-0.209673001969425,0.133694713389268,1,0
56,1.0757669840893,-0.666158359651612,3,0
56,1.33368724317455,-0.551086301903252,1,0
56,0.0252513062420189,-0.0116349097693911,1,0
56,-0.708681743417601,0.221175957675132,1,0
56,0.304256044814968,0.646080013461834,1,0
56,-0.550817801936575,-0.410112430014898,1,0
56,-0.228983886498282,-1.54243703250851,1,0
56,0.494987770354922,0.631826383114615,0,0
56,0.0630936061412118,-1.01732600019635,1,0
56,0.49321925525867,-0.6344610444521,1,0
56,1.30417004734388,-0.00948742005653263,4,0
56,-0.0696146636297408,0.276358379056049,1,0
56,-0.805682294044498,-1.6314734570192,1,0
56,0.908487085426963,-0.0585912161252806,1,0
56,-1.46952524809828,-0.375353429373932,0,0
56,0.277509892357558,0.95098074181924,0,0
56,0.811355224389778,0.737261508245071,1,0
56,-1.45788848409434,0.767572749014599,0,0
56,1.54818544940262,-1.09300695262408,2,0
56,-1.12063985610253,0.0226951128503708,0,0
56,-0.554272577445827,-1.68786804409909,2,0
56,1.15087052982129,0.944560851065856,2,0
56,0.0724375505189555,1.71240275836446,0,0
56,0.200374392763919,-0.149084933979147,1,0
56,2.13561665173077,-0.927084162660466,1,0
56,-1.58096578747207,-1.388264449655,0,0
56,-1.19876285881887,1.30570507176902,1,0
56,-0.222500725886579,-0.0461213830214954,0,0
56,0.0837487706976186,-0.00690286023383653,2,0
56,-0.413620457851107,0.28863425536879,2,0
56,-1.98247286126865,-0.372186447438566,0,0
56,1.46831197907411,-0.66253668528349,1,0
56,-0.374626865430531,0.620215000856511,2,0
56,1.01866529771188,-0.363990972303752,0,0
56,-0.515072513735068,0.412556538429628,3,0
56,0.608472438056916,1.73879126549895,0,0
56,1.20772490741996,-0.115132115436175,0,0
56,1.49632231524599,0.63126824813288,1,0
57,-0.191914473047487,-0.921062634550874,0,0
57,0.626407792613099,1.05788811498633,2,0
57,0.394125463464874,0.146428609300202,0,0
57,1.12452093620581,0.137331759478415,1,0
57,-0.364670126684951,-0.887436817270779,0,0
57,1.46038738477549,-0.565040642396219,1,0
57,-0.725605042859781,-0.949357465856233,0,0
57,-0.700613263432585,-0.415987087001098,3,0
57,-0.278642976359022,1.402164899823,1,0
57,-1.26088621880249,-0.472898829456819,1,0
57,0.827671467807969,0.15795435408424,1,0
57,-0.389673563230753,-2.04694921625251,0,0
57,0.809228063984244,-0.623733285351076,4,0
57,0.171851054549121,-0.468382657148526,2,0
57,0.190948081535544,1.37811844739587,1,0
57,-1.08227595891724,0.730584442621437,0,0
57,-1.67936135328057,-0.14829559249463,1,0
57,0.409519061160208,0.355842450800911,1,0
57,0.931671306353755,1.06716690548705,2,0
57,0.933524419772323,0.787995164061409,1,0
57,1.57112829620717,0.640831337268839,3,0
57,-0.780002745530833,0.258460128325963,1,0
57,-0.572019230065452,1.07461089834658,1,0
57,1.4089247368611,-1.17822282765923,0,0
57,-1.11897678647689,0.852845662653,2,0
57,-1.4978161805474,-2.11053140907688,0,0
57,-1.07929943806298,0.415721007981759,2,0
57,-0.0312466017840873,1.23655809432623,0,0
57,-0.33204092998679,-0.350958135030676,1,0
57,0.0188414548525208,-0.175091590783751,0,0
57,2.0259984217028,1.13026306163319,1,0
57,1.02901878970825,1.83015183910423,3,0
57,0.556483496783864,1.13148203334456,2,0
57,0.777869901523797,0.0357765393078527,0,0
57,0.964731654546299,0.948858198701671,1,0
57,-0.330261847948544,0.177588587643635,0,0
57,-0.486355239868111,-0.200772709751392,0,0
57,-0.598238111982789,-0.555932672360523,2,0
57,-2.19766675058292,-1.05836252012034,2,0
57,-0.354669654053918,-0.249930320642348,0,0
57,0.738656767895556,0.682075193488054,0,0
57,-0.192075756125888,0.880110709873271,1,0
57,0.259492002231004,-1.86602507863212,0,0
57,0.178300415197658,0.244665744033359,2,0
57,-1.40342655914918,0.0133635128045433,0,0
57,1.15178561544138,-1.42335608341796,0,0
57,-1.31871986797697,-0.61516793588177,0,0
57,-0.0460555280184004,-0.1431796147096,0,0
57,1.5718115041353,0.323568000765373,2,0
57,-1.68397901007025,0.627455818684043,0,0
57,-0.0614771100933985,0.488590729513239,0,0
57,-1.31376102101533,1.20810994448723,0,0
57,-0.0270010192246292,1.80483542945632,3,0
57,1.73347140044857,1.49718939749958,1,0
57,1.01166838642216,-0.242753227746342,0,0
57,0.437692904304355,-2.02597965256044,0,0
57,-1.18471797650213,0.491384546412508,1,0
57,0.83808336114581,0.603634596910391,1,0
57,-0.729969484383996,-0.140318488450295,2,0
57,1.11160039960573,0.230136160585214,1,0
57,-0.590474424754591,-0.0555903179778302,2,0
57,-0.517172792019836,0.370644627383949,1,0
57,-1.62207517253909,-0.316813542712116,0,0
57,-0.895109161416884,-0.589046032167492,0,0
57,-1.1940188838559,0.336932731338668,1,0
57,0.978134781622417,0.0333857478828292,1,0
57,-0.481136228709356,-0.324821715033244,1,0
57,-0.724484728391133,-1.14537392132685,4,0
57,-0.619221900926151,0.500544573741445,2,0
57,1.25283472951586,-0.244147372779992,1,0
57,0.786334258227107,-0.38457391592514,2,0
57,1.01416559628071,1.32672444759665,1,0
57,-1.36940267328718,-0.220377215708842,1,0
57,0.740725840650144,2.26879774577265,6,0
57,-0.526022377159756,-1.00324789067345,0,0
57,-1.40097187504587,1.4991878748604,2,0
57,1.06512616736997,0.196982211500054,1,0
57,-1.53590761534471,-0.148437683232791,0,0
57,0.250748261987673,0.586420992060403,1,0
57,-0.399058046264222,0.585508905532397,1,0
57,0.283440244033591,0.0302636862421701,1,0
57,0.177611955989888,1.49484695662742,0,0
57,-1.76544414321108,0.481096957085292,1,0
57,-0.912328497982442,-0.95337815150119,1,0
57,1.53511487455305,1.19097847426244,3,0
57,-0.396875206576276,0.354620614315617,1,0
57,0.13067125576061,-1.85123074909848,0,0
57,0.253343662922437,-0.883451078782412,0,0
57,1.72490911055655,0.0787878140019037,2,0
57,-1.48053181501183,1.502642335243,0,0
58,-0.343809783144545,-0.155513287932925,0,0
58,-1.17124009337083,-1.32974065179107,1,0
58,-0.492830425733963,-0.823332309750313,0,0
58,1.70282044986818,-0.126334667181822,0,0
58,0.337640992187729,-0.72597411178873,0,0
58,0.461165311415296,-0.819693595470778,1,0
58,0.424960306665864,-0.565612219957046,0,0
58,-0.222682817259701,0.146746171456772,0,0
58,-0.0308178880837383,-0.528469165651704,0,0
58,-0.908344295904614,0.533276881961233,1,0
58,0.790777030838477,0.683416679843194,1,0
58,0.182275065441444,1.00970678679186,4,0
58,0.764425581308526,0.95394314028211,2,0
58,-1.41327071373941,0.025633479212559,1,0
58,0.731201207224126,0.0319058762224717,1,0
58,0.528050581068055,1.30514609974267,0,0
58,-0.271024648035757,0.61794173473611,0,0
58,-1.34654024854792,0.542358647445261,1,0
58,0.716921834661964,-1.4118644746465,1,0
58,-0.257132798759292,0.824116359703142,1,0
58,-0.378669349451438,0.144626747154322,0,0
58,0.315898239854298,0.22961665143597,0,0
58,-0.461487032672391,-1.74121286472848,1,0
58,1.050308812666,1.49112305548867,1,0
58,-0.793530647497379,0.183568239060374,0,0
58,-0.299542841411613,0.0458328792563069,0,0
58,0.34939465100094,1.7816483812374,3,0
58,1.13313165324137,-0.823637822148273,1,0
58,-0.55285529955352,0.39411393671791,0,0
58,0.801882450304201,0.997102704554515,1,0
58,-1.05616987241086,-0.701261514309399,3,0
58,0.24010759370699,0.247165061697382,1,0
58,-0.973821530236874,0.18549579115783,0,0
58,-0.948740575970194,-0.168858722313847,0,0
58,-0.161236934156055,-1.08389868544846,2,0
58,-1.15602128795449,-3.36330238585785,0,0
58,0.702448967730483,-0.408964673421889,0,0
58,0.759912756176233,0.220445553180717,1,0
58,0.32758456783882,-0.595617659922653,1,0
58,-1.8342076353009,-1.57474964328593,2,0
58,0.554967210722403,0.517430419239422,1,0
58,0.565846206036261,-0.419009559132902,4,0
58,0.0773319882335424,1.99713478849397,0,0
58,0.527019029772502,0.629542659421768,2,0
58,0.394920371799168,1.2769778001499,2,0
58,-0.403588639888378,1.45739003005563,2,0
58,-0.982278297320281,-2.16961312454408,0,0
58,-1.46746823728218,0.556962805755778,2,0
58,-0.632325009385708,-1.09832765538759,0,0
58,1.44809702464558,2.0179141656487,2,0
58,0.82905201486702,0.347169674871203,2,0
58,-0.445243314796687,-1.7604239584446,1,0
58,0.660196421425469,-0.770394064454472,3,0
58,-0.0583998095017023,0.422976892104284,0,0
58,1.29511023609264,2.16477030888251,2,0
58,-0.096401248891655,0.527472854502211,0,0
58,-1.07534934210462,-2.38781385780575,0,0
58,-1.29618233567769,0.0278814319476325,0,0
58,-0.0449445743712071,0.569573820324236,0,0
58,0.950144619882984,-0.404746799746269,1,0
58,-0.48133552843498,0.768655703850306,2,0
58,1.12579542472227,0.013071407869512,0,0
58,-0.00872907050701839,-0.794930821316662,2,0
58,0.737181217491701,0.416364304151456,1,0
58,-0.666509185541757,-0.560911887919658,1,0
58,-0.0437345886209659,0.281925522899603,1,0
58,-0.800716099798533,0.00228182862348901,2,0
58,1.31082614444324,2.94172193869778,2,0
58,-0.573464277266617,-0.6091761828816,1,0
58,0.655507524259104,1.55467070116881,0,0
58,-1.4933868429466,0.214447800432315,1,0
58,-0.95495436425137,0.367519148973742,1,0
58,-0.678147184280225,0.40582571978881,0,0
58,-0.374086556719654,-0.269321631480779,0,0
58,0.186880567939109,0.0602833242738628,0,0
58,0.993794436567978,0.955111831517118,0,0
58,0.230426610337349,-1.33651789885305,1,0
58,-0.554367552626318,1.01240133043297,0,0
58,1.69198354537175,-0.151439217731549,3,0
58,-0.182081884939349,-0.85066767083583,2,0
58,0.689741278711185,-0.320676212755109,1,0
58,-1.22164673721651,-0.518049297417504,0,0
58,-0.206766535142281,0.156751493307644,2,0
58,0.384299457851989,1.57434126084504,0,0
58,0.0269472700156995,1.11840127819621,0,0
58,0.491106092826716,0.432901041998281,3,0
58,-0.106486014520069,0.726792400322302,3,0
58,0.626805088038621,1.19091919779394,1,0
58,0.532803204371392,1.48490045728322,0,0
58,1.05344369650461,-0.4175871632042,1,0
58,-0.179501476782932,-1.23151722266404,2,0
58,0.530286164957733,1.18946458817072,0,0
58,-0.669218563299572,1.07388977296219,1,0
58,-0.570214040126685,-0.46682429728524,1,0
58,0.593040183058478,-1.20751595398368,0,0
58,-0.408639778366821,0.32470493631092,0,0
58,-0.170731264182545,1.03248402011004,0,0
58,0.990661568431294,0.0306803113910785,1,0
59,-0.0907930277851553,0.822585408467033,0,0
59,0.397616527250452,-1.2432451322963,1,0
59,-0.051773651241497,0.901847980330439,0,0
59,-1.84645115136712,-1.10345983330968,1,0
59,-1.26837137161764,0.375339642844775,0,0
59,-0.961471618686348,-0.779345643891953,0,0
59,-0.215374886350867,-0.40224916359881,0,0
59,-0.436700488796837,-0.658641955642763,0,0
59,0.256541621991963,1.1638662479057,1,0
59,-0.001736553855416,0.111747889396174,0,0
59,-0.906881743830958,1.61406059096255,1,0
59,1.1812966323732,2.29554966958822,0,0
59,0.633012441640766,-1.21670427001957,3,0
59,0.109330008886426,0.913428860883539,1,0
59,1.37209811163956,1.97501220300854,1,0
59,1.7448390088442,1.76439946078334,1,0
59,0.0373381529159351,-0.62644114861583,2,0
59,-0.744834398395613,-0.764729159187337,2,0
59,-0.116362835328053,0.355996306031002,0,0
59,-0.510632765452791,-0.146405526130894,1,0
59,0.293135431899759,1.09462646820697,1,0
59,-0.794959088489114,-0.708428269067622,0,0
59,1.03383834729602,-0.896504148242812,2,0
59,-1.79718676785392,-0.592081085401568,0,0
59,0.0210697340301876,0.697897212610584,1,0
59,-0.00901130131530637,-0.0726012800293361,1,0
59,0.859825146220184,-0.162438660765143,1,0
59,0.951294258516314,0.683361672734581,0,0
59,0.195650792484711,-0.681765045693773,1,0
59,-0.288672346087484,0.174806943165578,1,0
59,0.984396781724892,0.689300738969355,1,0
59,-0.492365981957881,-2.11825022325436,1,0
59,-1.27158792942866,-0.859048239149845,0,0
59,-0.550299325520335,-1.38483450833025,1,0
59,2.86005094040813,0.348296296673909,1,0
59,-0.825941223306781,-2.33701036846124,0,0
59,0.666136729114575,-0.562146628503274,2,0
59,-0.726028027172573,-0.481999701405733,0,0
59,0.87132534540021,0.92577384227196,4,0
59,-1.33849999054172,-1.04544310993903,1,0
59,0.457049967193265,-0.790083062676628,2,0
59,1.55506014925561,1.43854861941257,1,0
59,-0.904621442982409,-0.778194028149276,0,0
59,-0.297733426458815,-0.677212484378371,1,0
59,-0.385064828110607,-1.51805088074104,1,0
59,-1.24793291712928,0.139903668876144,1,0
59,0.41364052623404,1.38929391403647,2,0
59,1.1952070030077,0.233608097649839,1,0
59,-0.252474996479924,1.08534253693824,1,0
59,1.50520116620372,-0.618670612239281,1,0
59,0.593365565116856,0.931066619937194,2,0
59,1.09964236471082,0.207089575685061,1,0
59,0.737873782994246,-0.368129409251323,2,0
59,-1.35813898080738,0.962288186467492,0,0
59,-0.0806973055492629,1.35351889178274,1,0
59,-1.79373609017239,-0.44107542891246,1,0
59,-0.0911440856391354,-0.447211749213292,1,0
59,-0.20406780324681,-2.60137303863736,0,0
59,-2.42241047379634,-0.49665604617128,0,0
59,-0.649352245192879,-1.01642627320511,0,0
59,-0.197997754714899,-1.42631750778147,0,0
59,-0.370921461767078,1.15974954899009,2,0
59,0.712137065316227,0.607611801827425,1,0
59,-0.308644702201653,-0.771919268307406,0,0
59,-0.657455772445173,1.808671491876,2,0
59,-0.14287084365471,0.973547307089415,1,0
59,1.1301237343064,0.188240890134781,2,0
59,-0.783550420596604,0.154929551306576,1,0
59,1.22328164339391,0.530646236377106,1,0
59,-0.964960662796055,-0.668246763883225,0,0
59,1.49308156241411,0.689830706558624,2,0
59,-1.73175400758825,1.36859456120836,2,0
59,0.921711517685032,-0.575761659928955,0,0
59,-0.197021841095118,0.51012212806494,1,0
59,0.561685435055324,0.671399045169662,1,0
59,-1.34423989252555,0.603616350328746,1,0
59,0.757019401088771,0.312575588160083,0,0
59,-0.217485742753883,0.341309003036506,0,0
59,-1.3378732669535,0.166701388744022,0,0
59,-0.144077208190215,-2.05412081214057,0,0
59,-1.16950593376034,0.730534238068939,0,0
59,-1.39617118187273,-0.800908707689049,1,0
59,0.988679487229197,-0.524000055110102,0,0
59,-2.10362708146094,-1.56541449188466,0,0
59,0.313320897036656,0.448719275211306,2,0
59,1.20587313209327,1.11428298055489,1,0
59,-1.44530341094364,1.0889168431557,1,0
59,-0.186357296612364,0.187323725900178,0,0
59,-1.12905760267785,-1.10294370759928,3,0
59,1.39834223553817,0.00606172386773267,1,0
59,0.292008754511028,1.48285280661383,0,0
59,1.26725404403394,1.33846243178031,0,0
59,0.492390032520469,-0.19556315745115,1,0
59,1.89753075498542,0.421664923458605,1,0
59,1.23432061794051,0.57932834463022,0,0
60,-1.38060773454257,-0.510125821316298,1,0
60,-1.51554114878488,-0.77706031793435,4,0
60,-1.42538712673722,-0.379644040799334,1,0
60,-2.00858035888513,-0.853175205709106,0,0
60,-0.265564049633575,-0.538308003018052,1,0
60,-1.81791800018318,-0.167068471399064,0,0
60,0.887228889158936,0.200262494497217,0,0
60,0.0151799893148485,1.14926840530178,1,0
60,1.16095257896432,0.996787425329158,1,0
60,0.232186431343153,-0.335384918991888,1,0
60,2.32236911578109,-0.307988579620851,2,0
60,0.125602757710416,-0.539837915042068,0,0
60,1.34935818842724,-0.370833050246711,0,0
60,-0.402172410293432,0.105880599891199,0,0
60,0.351596368731536,0.179440606209412,0,0
60,-0.063686441607073,2.02443490183742,2,0
60,-1.57301684094206,0.441873850362154,1,0
60,0.683380731477012,0.043080682320544,1,0
60,0.453572299943026,0.409130613805879,3,0
60,-0.325975150222633,-0.939874688989562,0,0
60,1.05488862756194,-0.327551707478099,0,0
60,2.2731597330599,-0.449867672935887,2,0
60,-0.0776912309862185,-0.254102891121703,2,0
60,2.08002273773312,-0.614934115257225,3,0
60,-0.414742237961448,1.95673580652083,3,0
60,-0.786040955043263,-0.631349226620131,0,0
60,-0.390537176353072,-0.137827288970212,0,0
60,-0.857690831398778,0.519030227153315,1,0
60,0.158297498205038,2.03870451541399,1,0
60,0.160108990704411,-1.52746434218498,1,0
60,1.07791219642724,-0.264429808528612,1,0
60,-0.606135596087883,-0.202608337020886,1,0
60,0.701256083047821,1.01391865899203,0,0
60,0.0234676438944963,1.18971326336255,0,0
60,0.772612415424549,1.44333547779555,0,0
60,-0.575398761810647,-0.618077399012949,1,0
60,-0.488591654591195,0.77085978655635,3,0
60,-0.225491980167823,-0.269432772719419,0,0
60,-0.589086389079754,-1.4045318613666,0,0
60,1.97247042964055,0.96896912944764,4,0
60,-1.27638298374392,-1.02413620206572,0,0
60,0.738291568565732,1.28112020607508,2,0
60,-0.660275987888411,0.600955928032811,1,0
60,0.166219605133128,0.325962365078137,0,0
60,-0.254570548481807,1.21051115916502,3,0
60,1.59296346684148,-0.397119507499817,1,0
60,-0.595233102014042,-0.63781397705592,2,0
60,1.73225905457753,0.370255166728673,0,0
60,-1.43851881619676,0.459683390660055,0,0
60,0.537270549218711,1.503281781942,1,0
60,-0.365605309338907,-0.258775904169968,2,0
60,-0.605931607650958,0.0623931375956086,2,0
60,1.16805074905029,1.24436645489245,0,0
60,1.438671621588,-0.857808597469305,0,0
60,1.02895283702024,-1.23608196319416,0,0
60,-0.0821752667226336,1.51891299742566,3,0
60,-3.17903333641146,-1.06168298914795,0,0
60,-0.62106726618577,0.59000318286788,1,0
60,-0.583509029522004,-0.84794670732684,0,0
60,-0.567580289983326,0.717910318856695,0,0
60,-1.31806536593145,0.7933278554947,2,0
60,-0.805944387061261,-0.650221686729748,1,0
60,-0.434073818475164,-1.17864732075037,2,0
60,-1.50732591769509,-0.112712678811982,0,0
60,-1.45817092729528,-0.140275530227179,0,0
60,1.13138352402573,0.527228442369632,2,0
60,-0.0235098718022643,-0.213027137044919,1,0
60,-1.42574522664062,2.17213363653474,2,0
60,-0.0722797128507588,0.568057679478643,1,0
60,-0.524678674570404,1.86763242356141,1,0
60,-0.517401490729161,1.73390112220401,0,0
60,2.06838675907657,1.09583483832751,0,0
60,-0.470316100638019,-1.31503122856458,0,0
60,0.0493402321661747,0.17773806493647,0,0
60,0.949790087356858,0.261187465562848,2,0
60,-1.6748633964429,0.466582255263697,2,0
60,-1.79495162002758,-2.28067101885564,1,0
60,-0.788153171671049,-0.482785724731634,0,0
60,-0.570207491794029,0.740393811421589,0,0
60,1.64733513225637,0.0723119271355078,1,0
60,0.896585018175369,-1.34123891154855,3,0
60,-0.674403982711992,-0.666791588265372,0,0
60,1.0803881448825,1.08963516323341,2,0
60,-0.326417218337523,0.51582254121313,0,0
60,0.747583088718252,-0.893957711851061,0,0
60,-1.70714209494119,0.034196942495873,2,0
60,-2.03808969034508,-1.48227533799794,0,0
60,-0.854497875015204,-2.70094419448444,0,0
60,-1.17850793403263,0.609652363571438,0,0
60,-0.75970732180299,-1.84725836525362,0,0
60,2.01291546771869,-1.64438050431345,1,0
60,1.09659449705142,0.549780496156056,2,0
60,-1.5217981254274,0.207776070744413,1,0
61,-1.48123187518603,-1.79878144018233,1,0
61,-0.14754253554603,0.426022700053612,1,0
61,-1.84331973348924,-0.666683476379124,3,0
61,-0.46094006010992,-1.68230669165601,0,0
61,-0.667112361278999,-0.659177118156353,0,0
61,1.57094306736278,0.871058483830035,0,0
61,-0.973564872405469,0.974019743204694,2,0
61,-0.417187269636105,-1.5788613899426,1,0
61,0.621521215651831,0.757784612114435,2,0
61,-1.49004992377893,1.52727271237466,2,0
61,1.05634111254808,-1.30823185875968,2,0
61,-0.190137797437754,1.41362983912525,1,0
61,0.643423195289594,1.24133682373554,1,0
61,0.03083082555779,-0.359936272199394,0,0
61,0.589259419155664,-1.36539555183445,2,0
61,-0.376516377002346,0.288947831842276,1,0
61,1.25887793484054,-0.948046418801144,0,0
61,1.49440028602357,0.943702663158623,1,0
61,1.74334850943736,-0.31018038885409,1,0
61,-0.192105588554881,-0.238483294014975,0,0
61,-0.47566364144067,0.373597942901565,2,0
61,0.758368403949586,-0.821987298243912,0,0
61,-1.07593705223051,-0.643159788661733,1,0
61,0.417837157747759,-1.79079294404958,0,0
61,0.253274320758302,1.38747633940639,0,0
61,0.779214972196625,-0.48674028489261,2,0
61,-3.64130010672123,-1.12910633228001,1,0
61,-1.58537530998501,0.650388515037665,0,0
61,-2.64133144196521,-0.329103279533549,0,0
61,0.0189480058107549,0.970748288223075,0,0
61,0.784684173003578,0.84746737802265,2,0
61,0.25993445187726,-0.155119459667847,1,0
61,1.01249191853835,1.5557520870592,2,0
61,-1.14669717292806,-0.929136013118481,1,0
61,-1.11907109211977,0.730996828121886,1,0
61,-0.00208766082667274,1.05481604590998,0,0
61,0.348425928844539,-0.621295345943727,0,0
61,-0.456087304262852,-0.563020323402574,1,0
61,0.674320885521154,-0.929507930689181,2,0
61,0.997349785013269,-1.05138857817465,1,0
61,-1.07963618953086,-1.18804132821008,1,0
61,-0.168802704423898,0.760206893319597,1,0
61,-0.231768533816252,-0.344085724295863,3,0
61,-0.553662647103941,0.519920742285955,1,0
61,-0.968189906597134,-1.3456564484267,1,0
61,1.37446084603992,0.554462722349512,2,0
61,-1.24093040622921,-0.0721853521013071,1,0
61,0.618094973108993,0.636802018035439,0,0
61,0.455081405673646,1.13647149867314,2,0
61,-0.462781763428426,-1.41392292578392,0,0
61,0.0521675727661641,-0.0137514259519953,1,0
61,-0.160576958764479,-0.394378499642468,0,0
61,0.110102060092079,-0.551319263887453,1,0
61,-0.94077033761531,-1.62891623235436,0,0
61,-1.67214393519315,-1.26320274362519,1,0
61,-0.200155511707352,1.29865562340988,0,0
61,-1.15202936376197,-1.30664094904293,1,0
61,1.82524159135655,0.717213446447712,2,0
61,0.288113030782699,-0.896766790990302,0,0
61,-1.50430888607889,-1.56201716289324,2,0
61,-0.0458211282967241,1.23589681528453,1,0
61,0.856198906995263,1.86720592919209,0,0
61,0.881191272944872,0.0715175044620335,0,0
61,0.693602673762867,-0.035015209739957,1,0
61,-1.18811966555557,-1.31297594309606,0,0
61,-0.299850489103943,-1.5242863975889,0,0
61,-2.09686507689335,-1.71199096262021,0,0
61,-0.640605815021522,-0.492476854440828,0,0
61,0.194310657616971,-0.360986736699154,2,0
61,0.387204624558885,0.174461542576743,2,0
61,0.808041874161327,0.511723590962759,3,0
61,0.0649151233704834,0.0858888099087435,1,0
61,0.283685117265879,0.36876538796539,2,0
61,1.99751369827375,-0.866359251284728,1,0
61,0.166898848645352,0.0621394334863411,0,0
61,1.0205565861028,1.00135640853179,0,0
61,-0.815179569632693,-1.63087102568324,2,0
61,-0.275646501622596,0.107271702193653,0,0
61,0.202159381386875,-0.32892691315381,2,0
61,0.176949552083908,0.32742079192603,0,0
61,1.80670975890919,-0.537941880811821,5,0
61,-0.279498156578121,0.629389421084454,1,0
61,-0.900424889153553,-1.58751686057979,0,0
61,0.790567044655586,-0.374534679868558,1,0
61,-2.34289596765126,-1.85880668355348,0,0
61,-0.0450941855451389,1.5150177757986,0,0
61,0.228640706473705,2.34637888873977,2,0
61,-0.707257785743701,0.0162143072138895,0,0
61,0.103810660175152,-0.94690138806368,0,0
61,-0.249858705352171,-0.754117976369932,2,0
61,-1.06657755097073,1.40545697005256,1,0
61,0.170324862788708,1.91898921365287,0,0
61,-1.41291091095406,-0.775454590583834,0,0
61,1.76707530072531,-0.589311222365834,1,0
61,-0.724060321594046,-0.00215626735675357,0,0
61,-0.711060765448305,1.28695490681594,2,0
61,1.19627001060342,-0.786701066984481,3,0
61,1.16696078698221,0.81657739894856,1,0
61,-0.749590289617865,-1.06425767620802,0,0
62,-0.0987775397546301,0.491348818902267,1,0
62,0.483383812034033,-0.394037979058026,1,0
62,2.12677070147372,1.86062422714503,2,0
62,-0.145690020222463,1.38827493625475,0,0
62,0.0744809627350217,-0.63640687884006,0,0
62,0.366707513803355,0.0707128198618873,1,0
62,0.8347184147286,0.553449750510085,3,0
62,0.797132534846973,-0.126175346570689,1,0
62,1.29587123130153,0.140193779270161,2,0
62,-1.27632620629397,0.534628551864369,2,0
62,-0.164306790733517,-1.12136207249091,1,0
62,-1.04146232983236,-0.800025272377543,1,0
62,0.716648924922069,-0.41000724059,2,0
62,-0.170297589440347,-1.26004722165293,1,0
62,0.0641153025837447,0.398481634417998,0,0
62,0.35292325413141,-0.784945977674591,1,0
62,0.87025864564554,0.738324491550494,1,0
62,-0.835406224314026,-2.03566664870853,0,0
62,1.084605778911,0.0740819640148092,2,0
62,0.549436334398485,0.614507343287732,0,0
62,-1.08104830484804,0.339571358990275,0,0
62,-0.0885937499509783,0.594946928381842,0,0
62,-0.406459849197598,0.181876260332006,1,0
62,-1.3438118904628,-0.396444085314882,0,0
62,0.401528528197602,-1.13238754706322,0,0
62,-0.563949669845354,0.402286377827536,2,0
62,-0.435822127830843,-1.27893625011907,1,0
62,0.899596377946052,-0.276242743912177,1,0
62,0.380237018850294,0.767167553407567,2,0
62,1.21284609103252,2.84465426242136,2,0
62,-2.1047845353597,0.0250713174754313,0,0
62,-0.302414206688911,-0.914963905953164,1,0
62,-0.462439884924578,0.37809199543695,3,0
62,-0.518566809311475,-1.29033070951819,0,0
62,-0.276619254081243,-0.95599336169014,1,0
62,-0.072057232840156,0.032066681151605,0,0
62,-1.09423538922145,-0.535932953505121,2,0
62,-0.105525345265145,0.0103184659680114,2,0
62,-0.737724381049199,-0.649231380153655,4,0
62,-2.53744605361336,0.794690389679986,0,0
62,-0.326560775211587,0.375147340353149,1,0
62,1.08175572693148,0.207249290316816,0,0
62,0.459056327562044,0.173964629358103,3,0
62,0.310692233346619,1.53436841224222,4,0
62,0.583252263412248,0.49139470678902,0,0
62,-0.933418654272208,0.68789376345837,2,0
62,0.673666955129217,-0.523462996697322,2,0
62,0.890655753804839,0.72025388603511,1,0
62,0.511233309299362,-0.151100585090727,1,0
62,-1.60125854504376,-0.196173378969999,2,0
62,-0.694603140109102,0.949083571739774,0,0
62,0.365884871509165,-1.20018431849794,1,0
62,0.702521189410727,0.17751236695054,1,0
62,-0.90810144471233,-0.0180396546385,1,0
62,-0.856188894931851,-1.05686665202162,2,0
62,0.283411079440821,1.6486449399351,2,0
62,1.1498989488105,0.349858133077314,1,0
62,-1.68908310566185,-0.0879045658371524,0,0
62,-1.06733263636142,0.270540328214644,0,0
62,-0.128371577065068,1.00821626307046,0,0
62,0.607531577808695,-0.220792246167231,0,0
62,0.355373615913088,1.31048179870875,1,0
62,0.427564545056381,0.086321574865089,0,0
62,0.894156061058077,1.40535580574514,3,0
62,1.52641998222784,-0.876028699345933,1,0
62,1.61436253335547,-0.388960874423327,0,0
62,-0.799454604682277,-0.316049784433704,2,0
62,-1.16256762318081,1.47310471337862,0,0
62,-1.32439343662303,-0.523250292854553,0,0
62,0.543480292826362,-0.786030341500755,1,0
62,0.0050731334474392,0.343633454850981,0,0
62,-0.52011534916094,-0.357297263619754,1,0
62,0.7890976585619,-0.920153140352901,1,0
62,-0.739692297541891,-1.6683099500675,1,0
62,-0.0111261274639478,0.529886908337593,2,0
62,0.30857068111996,-1.22477956225953,0,0
62,-0.562938730534639,1.77063207493057,0,0
62,0.212085610685871,1.74809948098111,1,0
62,1.19410157929181,-1.80070065456777,3,0
62,0.583226985625803,0.122024643788062,3,0
62,0.50330964794887,-0.448526601231265,1,0
62,-0.844356593870837,0.476288875088138,0,0
62,0.585687002968604,-0.00977641240122931,1,0
62,0.23942137160095,-0.942373839615539,2,0
62,0.440196995827151,-1.27348984406613,1,0
62,0.340265388139412,-1.29365909728864,2,0
62,0.35063192627334,0.15748011006667,5,0
62,0.746204581819063,-0.454573073613354,1,0
62,0.385430271629316,-0.256283056774642,1,0
62,0.640072110443928,1.63919049612623,0,0
62,-0.000447011755116238,0.30205057447147,0,0
62,-0.178131776254093,-0.74179746607641,1,0
62,-0.835291704710883,-0.920205449567629,0,0
62,-0.736894470783651,0.735066278902093,3,0
62,0.45976941146962,-0.626954036256773,1,0
63,-0.830816243142075,-0.793546158213639,2,0
63,1.17933777675489,-1.85231747484168,2,0
63,-1.27038147591214,0.741753152771663,0,0
63,-1.42002480210149,0.382801759281241,2,0
63,0.753286063859777,1.67751713666226,0,0
63,1.15284069825067,1.60476082750738,1,0
63,0.892425421761326,0.607915710529933,1,0
63,-0.99708586526883,-0.779205555237088,0,0
63,-0.56123865022893,0.617174641594132,0,0
63,-0.879614922746255,-1.40641275758393,0,0
63,0.889768604442364,-0.536940251844137,0,0
63,-0.471613846547812,-0.327874560266902,0,0
63,-1.07287313775524,-0.111564343210391,0,0
63,-0.69377889408686,1.26842185049787,1,0
63,0.220110098751088,0.487931061672888,1,0
63,-0.162394346459853,-0.52138698543059,3,0
63,-1.01759719691638,-1.12732610441377,0,0
63,-0.641198857539837,-1.14387589598369,0,0
63,-1.56598794603467,-1.41448563732675,1,0
63,-0.886695590282199,-0.223036502519819,2,0
63,0.305292080284215,-0.482712786569007,1,0
63,-1.00924970341672,-1.03582385443928,2,0
63,-0.217848725437576,-0.728784799741481,0,0
63,1.41405576136615,-0.0513660146183797,1,0
63,0.102019802981947,0.494690554923517,0,0
63,-0.499771002460365,-0.919589508494918,0,0
63,-0.912228199530737,0.0908460170599476,0,0
63,1.56385882596095,-0.348592400854707,2,0
63,-0.56088770970583,-0.0689110538600585,0,0
63,-0.906441744158529,0.410020557733841,1,0
63,-0.883498395876603,-0.317659888644209,0,0
63,0.185195641830845,-0.879806081980243,0,0
63,-0.0670977711486971,-0.00607270555906947,2,0
63,-0.531480233839813,-0.639362111249344,2,0
63,0.532284496351976,1.05152825210437,1,0
63,-0.0658735368769936,0.522989872859335,2,0
63,-0.380403773979826,-1.2419883990671,0,0
63,0.740216658727401,-1.004318776552,0,0
63,0.201750995069611,0.247888285031892,0,0
63,-0.718982754150072,1.09376783400586,1,0
63,0.00437410566293496,-2.14594624069386,0,0
63,-0.172254288728831,0.198724180810957,1,0
63,1.02436188664774,-0.489956397433918,2,0
63,0.47737780658292,-0.625095280685171,0,0
63,0.266564052401422,-0.688254961785883,0,0
63,-0.114712060242204,-0.787658030000541,1,0
63,-1.28294147442144,-0.864275527933879,1,0
63,1.69946279247103,0.246595502472316,2,0
63,-0.595819957811256,-1.81162365740242,0,0
63,-0.830773909198251,1.3102175751565,1,0
63,0.310897144915583,0.115156486151439,2,0
63,0.122509610515879,-1.2887724891146,1,0
63,0.586451599230593,-0.841691432127718,4,0
63,-1.05417946861037,0.396714664234148,2,0
63,-0.862561441966684,0.41567489494569,0,0
63,0.532897124907117,-0.718427828079575,1,0
63,0.831289526206389,-0.0761322724023524,1,0
63,-0.6088207207038,1.62997131023775,1,0
63,1.05825388219032,-1.84727294707164,2,0
63,-0.0874181917009234,-0.52453643190203,1,0
63,-0.0794616505522128,-1.07189568911864,2,0
63,-1.24781606472023,-1.39314026964447,0,0
63,-0.753087763857041,0.335742270166097,2,0
63,-1.12537596824252,-1.34771329477198,1,0
63,-1.85609858763605,-1.95103701008481,1,0
63,-0.649957603561113,0.0755839039667479,0,0
63,-0.198727236497851,-0.250810886760855,1,0
63,0.0825690475597968,-0.498452358881447,0,0
63,1.54707541047553,1.15322453162811,1,0
63,0.121951631812236,0.102393906887617,2,0
63,0.867195395874594,0.310463391128631,0,0
63,0.461736317118457,0.190186143068601,2,0
63,1.00059461677628,-0.177665167460481,1,0
63,0.838466344744588,1.02371293159535,0,0
63,-0.296065528778253,1.57081364880407,4,0
63,-0.977176792286448,-0.697435293019706,1,0
63,-0.0875378618777032,-0.499882890463005,0,0
63,-2.18560550492148,-0.59157098390044,0,0
63,-0.641046891808524,-0.752134659348365,0,0
63,-0.414785538843462,-0.0609052897588575,0,0
63,2.37293664686708,-1.10474136032029,0,0
63,-1.38420250927798,-0.656325995521278,0,0
63,-0.349776123733378,0.65143033720553,2,0
63,-0.790959874145194,-0.652015585230059,1,0
63,0.0400028632541092,0.252408683266825,2,0
63,1.0807125475444,0.692395037646778,2,0
63,-1.2241843217475,-1.52031452348779,1,0
63,1.03619921192026,1.00308943245556,1,0
63,-0.426317250355423,0.354927408565867,1,0
63,0.942952643728674,-1.8630138897753,2,0
63,1.07549663149527,-0.549602215332332,1,0
63,0.951727284886755,-2.24221134519632,1,0
63,0.593999598603514,1.24808192866882,1,0
63,0.15901332014397,0.108380499824181,2,0
63,1.70693847150883,-0.365793000948606,2,0
63,0.788441894948295,1.02171968368597,4,0
63,-0.514451269304051,0.188583540273203,1,0
64,1.14355568476042,0.220346845261386,2,0
64,0.0564367432783316,0.11143620421835,0,0
64,-0.812022027204199,-0.152376111168871,2,0
64,0.318010816480807,0.69161333972831,2,0
64,-0.187761419037214,-0.0545511219654097,2,0
64,-1.75991361753051,0.956822187695822,1,0
64,1.64538877749233,0.996889042874452,1,0
64,0.708904912214206,-1.93936046083099,0,0
64,-1.91032399286901,0.0371034094041699,0,0
64,-0.359995009959067,-1.03456516546046,0,0
64,-0.233882581734127,0.374306108249524,1,0
64,0.234437957554932,-0.484138732695157,0,0
64,-0.124970506660545,0.0288274653115724,0,0
64,-1.00817273686376,-0.934309803364,1,0
64,0.317192473123861,-1.21597098186217,3,0
64,0.802989622944618,-0.173954622214427,0,0
64,0.432456124717716,-0.199848466533652,1,0
64,0.193893935804939,-1.03631591677632,0,0
64,1.75661409559999,1.18140948557852,1,0
64,0.324076950729267,0.330809289761476,1,0
64,-0.790462340976083,-1.29959608895574,0,0
64,0.246800626741315,0.714764892912485,0,0
64,1.40402354433311,-0.313104271466078,1,0
64,1.04575849422746,1.82956694212927,4,0
64,-0.432405553883857,1.02077879355727,2,0
64,0.0423746066032778,-1.11997802987264,0,0
64,0.390623971306298,1.01781966401618,1,0
64,0.939743663108933,0.357572058408015,1,0
64,-1.68604057832504,0.0236762620327571,2,0
64,-2.56175329872706,-0.589005161420518,0,0
64,0.525451231612318,-1.26700273811923,1,0
64,0.279952634711533,0.797406440146556,2,0
64,-0.108555751257839,-1.03424701459739,1,0
64,0.0872731655261893,0.317169874495784,1,0
64,-0.268916071032907,0.839665460188248,1,0
64,0.318966185127348,0.468913940618641,0,0
64,0.556730018441255,0.0649456965764417,0,0
64,-2.60820995838808,-0.585781274041497,1,0
64,-0.389574975928199,-0.156465333580696,2,0
64,0.0516126760553091,0.364964653873969,1,0
64,2.09505896558895,1.69356794834095,1,0
64,-1.03667321580791,-1.65003023786611,2,0
64,-0.212438902193798,-0.763383231139873,0,0
64,1.08190451479803,0.0696253501918954,2,0
64,-0.868550480320842,-1.51823938727107,1,0
64,1.0072504569745,-0.322165913454836,2,0
64,0.196863348936121,0.771249050672473,0,0
64,0.334823842980643,-0.804606681120673,0,0
64,1.17671652446085,-0.561060190058608,1,0
64,-0.247441545647158,0.125025103875385,1,0
64,1.10442865910374,1.06854430729964,1,0
64,-0.473702643791434,-0.122779884465547,3,0
64,0.538208390239869,-1.72401026501872,0,0
64,0.227055105488512,0.228520178909914,1,0
64,0.422737144129976,0.516071141549606,1,0
64,-0.232948865874018,-0.0315984434611475,0,0
64,0.359490103941813,0.522488524125486,2,0
64,0.164566302766342,0.477738709726394,0,0
64,1.16310449328829,-0.171587554223229,2,0
64,-0.77767670388438,-0.0326316322608394,2,0
64,1.29107436302705,0.57636637973989,0,0
64,-0.848504722484661,0.57528875249655,0,0
64,-1.0919646545353,-0.338310344273968,1,0
64,0.368865474767063,-0.496002491589048,0,0
64,0.764273563664972,0.465741352998102,2,0
64,1.86324890902647,0.117263736465621,2,0
64,-1.6100971233791,0.963465031885432,2,0
64,-1.10113112813627,1.05399151792783,2,0
64,0.546603523284305,0.247694567656224,3,0
64,0.97502775375075,0.712740955602788,0,0
64,2.02677498790065,-0.0991774027213141,2,0
64,-0.995790624213329,0.0489277808766031,0,0
64,-0.141791288006051,-1.43694396830635,0,0
64,-0.370696321104214,0.135161303239424,1,0
64,0.451786341586004,0.168027859014559,0,0
64,0.811793167027246,-0.346128502893614,1,0
64,-1.79039927654781,-0.299727177213557,0,0
64,0.461358732328285,-1.34176870825856,0,0
64,-0.369380023163869,0.100915759958773,1,0
64,0.45192932349525,-1.17536056225215,0,0
64,-0.478711194857217,-0.487787884845526,0,0
64,2.29466101667989,1.02770657849486,1,0
64,1.64947649758071,0.585134716140518,1,0
64,3.59444097985188,0.674684194074649,2,0
64,0.771098511091527,0.875500535761949,1,0
64,0.691431534995555,1.52206436410158,2,0
64,-0.765323388175929,-0.757719320984739,0,0
64,1.03838101220292,-0.263311663885438,0,0
64,-2.50386736140986,0.1434983985816,0,0
64,-0.61348850944763,-1.09135035228517,0,0
64,0.646674974836128,1.79775120697273,0,0
64,0.124760955975322,1.24653197623968,2,0
64,0.483141917102166,-0.494676142322729,1,0
64,-2.04359456459373,0.0803874287175393,1,0
64,-1.37208276342285,-0.343282145978918,1,0
64,1.70636908121908,0.381969121873264,4,0
65,-0.684461562325811,1.38392237230329,1,0
65,0.81748980357845,1.16436036628638,0,0
65,0.637306522619022,-0.171008326964818,1,0
65,0.119844336791905,1.03689878919791,0,0
65,-0.853580714296723,-0.847227626416765,0,0
65,0.597627369734363,1.09874663503817,2,0
65,1.12205466027891,1.68909949982454,1,0
65,-2.0774027836876,1.2750445004791,0,0
65,-2.0532179197555,-0.584200652245721,0,0
65,-0.763741022342488,0.216877542484682,1,0
65,1.84976675583598,-0.590385068343446,1,0
65,-0.133294201882565,0.800195775743072,0,0
65,-1.11698770347621,-0.785020178569762,0,0
65,-1.34490188886416,-0.984126002541105,1,0
65,0.697572383150172,0.901428039980562,0,0
65,-0.366836892204559,0.0992734725264122,4,0
65,-0.767215107144311,0.0504738054117485,1,0
65,0.265467436378442,1.71526034165702,1,0
65,0.108187709060013,0.771649734589488,2,0
65,-1.76803400427519,-0.0673207325718634,0,0
65,0.392783326479582,-0.325731155145288,0,0
65,0.036385776681915,0.186546775298704,1,0
65,1.00748517055354,0.751626500969837,3,0
65,1.02115340592215,0.156787806198492,2,0
65,-2.99571005184008,-1.11456330583448,0,0
65,-0.450710807744497,-0.770972476891896,1,0
65,-0.24927567173103,-0.343895331826657,1,0
65,-0.478759487633125,1.1126820834521,2,0
65,-0.476075715411038,0.918716249363016,1,0
65,0.850736665001705,-2.19891982559539,1,0
65,1.44650038310923,1.39320682945277,1,0
65,0.915839780033943,-0.765670768057718,0,0
65,1.96250716321632,1.4957730296646,5,0
65,-1.10256546794025,0.188331777287691,1,0
65,0.544659814361226,0.879497675520362,1,0
65,-0.797035562726802,1.13156609092393,0,0
65,0.508626048049712,-0.186520297641668,2,0
65,-0.637183517540763,-1.02019974620102,1,0
65,-0.555359886729853,-1.41390241777591,1,0
65,-0.500678126243214,1.32408429966131,0,0
65,0.867498781009232,1.10729354737857,2,0
65,0.167633757964426,-0.344556851208778,0,0
65,-1.19531144438323,-0.92931281843085,1,0
65,-1.34016229295581,-0.561913814450141,0,0
65,0.0574073379946466,-1.14432548851772,0,0
65,1.16701164379914,0.531957020349753,1,0
65,-1.78996400232413,0.482361748168454,0,0
65,-0.939599515098727,0.016805340920668,0,0
65,0.454239056811202,0.445520721983112,2,0
65,-1.27936843244596,0.0944733280167614,2,0
65,0.972395963512088,0.634504491649648,1,0
65,-0.718356089205254,0.140419000655784,0,0
65,2.41901759042466,0.548738050067718,4,0
65,-0.0213722319451444,-0.567629856535348,0,0
65,0.741802231270843,0.380218844956665,4,0
65,-1.15683036113849,0.925813217855497,0,0
65,1.13845271224405,-0.449827944881708,0,0
65,-0.172640737646847,1.68531538702011,0,0
65,-0.435632318728814,0.201327416984922,1,0
65,-0.342841274844659,0.475610916307116,0,0
65,-0.101459013235224,-0.307406497243915,0,0
65,-1.11716827967389,-0.697656940625198,0,0
65,1.07789698021507,1.31933494015719,3,0
65,-1.45860162592371,-0.200688613876085,0,0
65,0.150157190198032,-0.0697480061554412,2,0
65,-1.27937549027575,0.0301707857188151,0,0
65,0.955519407784476,1.76348010183152,4,0
65,-0.213766408657085,1.79103653217124,2,0
65,0.0804483714755631,-0.0445590020048678,4,0
65,-1.44273842009148,-0.719447453468435,0,0
65,-0.401405720222612,0.311970919658617,2,0
65,0.0839147402215469,0.211727192143828,1,0
65,-0.808088889690762,-0.284209820598772,3,0
65,0.0944487817870655,0.976646722296092,0,0
65,-0.800730762660049,-1.55708665918581,1,0
65,-0.157976367030912,-1.03147637640889,1,0
65,1.98471438796817,1.48330128127765,3,0
65,-0.518006629651325,0.465399531952009,1,0
65,0.615377589697869,-0.408920957885112,0,0
65,-1.21742535632334,1.80951961145799,2,0
65,0.127943301670839,-0.64104363981942,1,0
65,0.164125587219908,-1.04482815391126,0,0
65,0.620536315720449,-1.07612504318055,1,0
65,0.868604149926344,-0.961755834981265,0,0
65,0.194884055567507,1.10659219994338,4,0
65,-1.07911401624288,-1.67901624416866,0,0
65,0.131467210912166,0.0248910603554345,3,0
65,-1.1245829081944,-0.547928477011904,1,0
65,0.861812460460933,2.1093847327588,3,0
65,0.649042390850779,-0.828495760470116,1,0
65,0.372457988815016,0.532886894874249,2,0
65,-0.727153208852901,0.268287068139244,0,0
65,-0.546173804473959,-1.8263436634476,0,0
65,1.91169961707673,0.724561422594737,2,0
66,-0.500965756308952,-1.53386016770325,1,0
66,0.728484261685228,-0.55516838726957,2,0
66,-0.249240797697723,0.799257026375397,0,0
66,2.40584297854318,-0.72095911532741,2,0
66,0.433021785099985,-0.277964819559791,0,0
66,0.0689455702145305,-0.134258051829821,2,0
66,-1.80412758754126,0.603778844975815,1,0
66,1.78185051513854,1.52381445178817,3,0
66,-0.82300289413884,-0.240275842704533,0,0
66,0.463102900634336,-0.283207159315869,3,0
66,-1.44788655837608,0.371232309837313,2,0
66,1.17352603234112,-0.671483065770104,2,0
66,1.12355709421743,-0.243870652928026,2,0
66,-2.5718636340951,-0.499551052986685,2,0
66,1.27798216443081,1.04610653641609,1,0
66,-0.270498597719326,0.238940333836841,0,0
66,0.456433294038961,-0.0991191629730186,1,0
66,0.78313202159514,0.287005938206283,4,0
66,-1.48284046567425,0.604020375357515,0,0
66,1.70590296109549,-1.47293713982107,1,0
66,-0.693963983599516,-0.467145840640401,0,0
66,-1.49898145934737,0.548987302077822,0,0
66,0.554730196049062,-0.758116069355524,0,0
66,0.119519657490829,-0.555335060121213,1,0
66,-0.433500869517557,-0.0508490024162465,1,0
66,-0.267426840141388,-0.41862482283882,0,0
66,0.636455319600168,-0.927539594022417,2,0
66,-0.0480815083173091,-1.21429893889075,2,0
66,-0.450885893795018,0.0142790206454721,0,0
66,-0.0503384870833546,-0.079407126457548,0,0
66,1.65906964748373,-0.852199750769129,1,0
66,-0.240398968161858,-0.8963615757339,0,0
66,-0.553771580031447,1.02111578123078,1,0
66,0.325694784618065,0.390208720491476,0,0
66,-0.204916704352801,0.364043892767802,1,0
66,2.0362114673289,-1.66792327068329,0,0
66,0.488515155643473,0.115799086414849,4,0
66,0.17717745623739,0.668574959039329,0,0
66,-0.859389809660282,1.22298152058663,1,0
66,0.819403176489683,0.292081193748688,3,0
66,2.57578044727516,-1.08776892640406,0,0
66,-0.594316866538872,-0.0244697848512819,1,0
66,-0.10481807238399,-2.29918701262193,0,0
66,0.0688606519701645,-1.48260305567223,1,0
66,-0.658558185163393,-0.464499982734271,0,0
66,2.55083230169724,1.7803245001127,2,0
66,-0.287553498826548,0.0353709642234856,1,0
66,-2.07724550676357,-2.32484446027715,0,0
66,-1.10819446376136,-0.54183575598397,2,0
66,-0.331433002087113,-0.027937734894688,0,0
66,-0.0975660306875902,-0.801283201988948,0,0
66,0.217649585068913,-1.00312600089052,1,0
66,1.05052996586951,0.94445811233378,2,0
66,-1.32665139421735,-1.56257805414229,1,0
66,-0.357137662546333,-0.448236494929418,0,0
66,0.75276478781754,0.0889723796479143,0,0
66,-1.15004963364996,-3.97443639507725,0,0
66,-0.0494771628917407,-1.54236328890136,0,0
66,-1.36386922496372,0.0425883458051902,2,0
66,0.833145573343205,2.05738454187506,3,0
66,-1.19070193895331,0.498698403245061,0,0
66,1.05966802297468,-0.700726875513733,0,0
66,-1.92799778294954,-1.59540273874209,0,0
66,0.0356314456621914,1.58084523732612,1,0
66,-0.455443401778387,-1.89217349117522,0,0
66,0.35850823743958,0.0742583249078995,2,0
66,0.408720567451259,1.28741077426717,0,0
66,0.323546701499274,1.25779271204636,0,0
66,-0.70696617216326,0.546345468323994,1,0
66,1.46484142671541,-1.59283131280978,2,0
66,-1.76676946308582,-0.528549515385902,0,0
66,0.33665358832034,-0.8417803187541,1,0
66,-0.929014345603825,0.149758867357894,0,0
66,0.8308033016532,-0.786256746241765,1,0
66,1.98801650704471,0.37841999691342,0,0
66,-1.31863291930561,-1.42280975570655,0,0
66,0.49006334554263,0.814390228054321,1,0
66,0.171887724049692,-0.517962670133508,1,0
66,0.0453067433428018,-0.276121802827924,1,0
66,-0.172377444833439,0.00233504838276305,3,0
66,0.713682839485458,-0.679960756771621,2,0
66,1.03578513847947,-1.41920602855085,1,0
66,0.281902563166647,1.10189650416321,0,0
66,-0.408635956084483,0.663944575639563,0,0
66,-0.448035366600893,0.401603138597435,0,0
66,0.228123863014339,0.197719532635132,2,0
66,1.78373984899933,3.1295458586932,2,0
66,-1.32085816681694,-0.439841471079134,1,0
66,-0.0216399601929155,0.617036782546752,0,0
66,-1.53278604121393,-0.817557653270684,0,0
66,-0.880990332467697,-0.768469966877953,0,0
66,-1.88944551520764,0.333036809023982,1,0
66,1.00775959514903,-0.547448539757081,0,0
66,-0.172100959146008,-0.514025459812296,2,0
66,-1.43470312239043,-0.717012817447297,0,0
66,-0.0122307996971944,-0.0584447273166965,4,0
66,1.03148912004107,-2.34215925327785,1,0
67,-0.13542922770716,0.968863711529261,1,0
67,0.495500539795924,-1.10360119546536,0,0
67,-0.0715291242136885,-0.571191452909003,1,0
67,1.50682885880656,0.0660808670843947,2,0
67,-0.385877981408036,1.09707318437094,2,0
67,0.886613666738664,-0.635926184647793,0,0
67,-0.0154214827611162,0.0674756440125276,1,0
67,-0.263875600166024,0.140363185262193,1,0
67,1.42443889377783,-1.12834658846105,1,0
67,0.0944186019113617,-0.116214388125623,0,0
67,0.453482300494141,-1.50445076421221,1,0
67,0.536241621055638,0.155155585356372,1,0
67,-1.52683381715351,-0.369873084926621,0,0
67,-1.34087136519907,-1.81478080300544,1,0
67,-0.38713727411722,1.53851320080517,1,0
67,0.621447169675686,-0.0396109965487904,0,0
67,-0.482502149240712,0.431276911054489,1,0
67,-0.472053647523305,-1.02902004582508,0,0
67,-1.45255555866869,0.461770480663142,0,0
67,0.587162452250549,0.0499088015766848,0,0
67,0.0635617279890373,-0.926547546680123,0,0
67,0.472740708523099,0.00176743196914985,0,0
67,-1.51919348303008,-1.23585903275824,1,0
67,1.2416205837518,-1.42541691905338,0,0
67,0.402691848149611,0.451510070626262,0,0
67,0.0696973053829985,0.402319227403926,1,0
67,0.140662803671753,-2.40795064141057,1,0
67,-0.193339196262658,0.157820764114171,2,0
67,-2.22569825256929,0.482317944777201,1,0
67,0.119184840921571,0.753653777984251,0,0
67,1.24379242383911,-0.444372310310029,2,0
67,-0.0210589396976756,0.490411261071634,0,0
67,1.21240483790029,1.68611501624076,1,0
67,-2.90242125601184,-0.329893671217642,2,0
67,-0.157194676098714,0.429792018316697,1,0
67,1.46050829208896,1.1582616754841,2,0
67,-0.947024314156641,-1.0361604167404,1,0
67,-0.199816575944825,0.717367504208525,2,0
67,-1.47869240902911,0.491983559220757,6,0
67,-0.385215942992583,1.33775347449155,0,0
67,-0.187416183352827,-0.113677051639869,1,0
67,0.0794300909703934,-1.02760816387681,0,0
67,-0.737771118819794,0.255729851634921,1,0
67,1.30557899159306,-0.448510783680757,3,0
67,-0.734536036312655,-1.95907738923935,1,0
67,-0.762630077749823,-1.45508958269873,0,0
67,-1.86878465630368,-0.988771731045344,1,0
67,0.137514386368841,0.422096179697786,3,0
67,0.841048517990916,1.5563517452024,1,0
67,-1.55802090324304,-0.553264281783323,1,0
67,2.38222603872231,-0.977942253751557,2,0
67,0.197321069734915,0.535757955236396,2,0
67,-0.684719173881729,-0.647872373110908,1,0
67,-0.335522734356207,0.9606837511219,1,0
67,-1.00040023503207,1.66281508556085,1,0
67,0.922827631985756,2.13125289427458,2,0
67,-0.306197724404494,0.795484362079955,1,0
67,0.738066008167825,1.64610134828371,1,0
67,-1.09368136550198,-1.93548804540478,2,0
67,0.934384005079393,-1.54130085234628,0,0
67,0.85427407199645,0.857030019699367,0,0
67,0.245290805356426,-0.83569485738898,0,0
67,-0.667506477555061,-0.622206667604104,1,0
67,-1.55273275525358,0.286166941179572,3,0
67,-0.77846603362688,1.19877990346904,0,0
67,0.849710284464561,-1.52484392268857,0,0
67,0.940157950594418,0.466361006971663,5,0
67,1.54608283293011,-0.1997241661957,2,0
67,0.882596990683342,0.046460935541468,0,0
67,0.275244781893351,0.164721393984724,1,0
67,-2.18161350081275,-0.279485330415844,0,0
67,-1.33239759281084,-0.910013570527269,0,0
67,1.16043051665594,-0.879159147549044,3,0
67,0.488551594767023,-0.214879420262568,0,0
67,-1.47819177257265,-0.746482325861017,2,0
67,0.650415661278465,-0.229573578050333,1,0
67,1.11838045151462,1.02449545022974,0,0
67,-2.519046144857,-1.12645090176186,2,0
67,0.385228622726807,0.481291685348176,1,0
67,-0.832895572693105,1.6194920388198,3,0
67,0.989512532237565,-0.913622286961596,1,0
67,-1.79168425164559,-0.195597413751066,0,0
67,0.132647509270737,0.860064099708346,1,0
67,0.0858862283428556,0.688587709292132,0,0
67,0.800946391504554,2.31452642116455,3,0
67,0.335506060158612,-0.0116787846699103,1,0
67,-0.228218082557465,1.87354574854705,3,0
67,-0.209276528392551,-1.93731506240165,2,0
67,-1.2887343899436,-1.25800665538776,1,0
67,-0.398166590864182,-0.119668144991527,0,0
67,0.879610318833372,-0.165258044689041,0,0
67,0.370993993047636,1.02707292787932,0,0
67,-1.21421050198494,-0.63353156253866,0,0
67,0.776410762085612,-0.606278211088911,1,0
68,-1.2689359905862,0.660235407038106,1,0
68,0.674682660772416,1.75402723973369,1,0
68,0.787006543313893,0.366688623548809,0,0
68,0.302703012462605,-0.164445896483796,0,0
68,0.747334610962182,1.458928857051,1,0
68,-1.49484561452917,-1.28829830382643,0,0
68,0.428477431469957,-0.235249532860222,1,0
68,0.363694834521985,1.16811789746525,1,0
68,1.90660958176113,0.683407869488784,6,0
68,2.21052619464099,-0.412889042715278,1,0
68,-1.20167873722327,-0.077285857284283,0,0
68,0.0238162832506288,-0.69341062072561,2,0
68,-0.519887321631883,-0.4371627113175,0,0
68,-0.644113616426512,-0.905948165845571,1,0
68,0.913159786539978,-1.09745422040418,1,0
68,-0.179245362366858,1.08588685471355,1,0
68,-0.496571727219285,-1.61430307334848,1,0
68,0.196051241286774,1.45091671080018,3,0
68,-0.673172482342686,1.18776181094954,1,0
68,-1.29982784084592,-0.730319517216978,0,0
68,-1.05446717501246,0.613915897262549,1,0
68,2.59227767606075,0.854280693141033,1,0
68,1.21619779075976,2.64661716238255,1,0
68,0.246987046622137,0.794975521170653,1,0
68,-0.127093597408415,-0.255401036014684,0,0
68,0.737980433729185,0.732031014532884,2,0
68,1.48087947639575,0.878501509818071,1,0
68,-0.776958042926353,0.179596957594249,0,0
68,-0.650714066064507,1.76635658662964,0,0
68,0.15583085402518,-0.62826938842017,2,0
68,0.686961656862249,-0.180176963988735,4,0
68,2.05198915548541,-0.229933546636015,0,0
68,0.571455315527754,-0.0347361250929483,0,0
68,-0.693579596505592,-1.482022704657,0,0
68,1.08638546063734,0.610489827261577,0,0
68,0.467557963063874,2.17210088778769,1,0
68,2.0245789061912,0.760783319185757,2,0
68,1.86439004736869,-0.553767483255941,2,0
68,1.02740232308453,-0.590134062174582,2,0
68,-1.68483360792657,-0.995618431176274,1,0
68,-1.29818003701139,0.437833247108734,3,0
68,-0.365413209766902,-0.0777030244221335,1,0
68,0.185265027935256,0.206603599391551,0,0
68,0.770711847514137,0.368178532683224,3,0
68,0.0286576101077098,0.00126842055876695,2,0
68,1.35673333028467,1.34090123988917,4,0
68,-0.0136868565977466,0.104210321443248,4,0
68,0.741666162024084,0.950787125502647,4,0
68,0.0518226257015299,0.135207597458125,1,0
68,0.27261624493747,-0.898429904962694,2,0
68,-0.58259582117208,-1.19703294841978,0,0
68,0.392038240992915,0.887891353542123,2,0
68,-0.822672506610485,-1.27300054665823,1,0
68,0.253873911674324,0.962028354193441,1,0
68,-0.5496458561597,-0.645112026073908,1,0
68,0.00322436228279296,0.429108935542773,5,0
68,0.148073067983833,1.19413313405139,2,0
68,0.850165905717067,-1.08159996000651,0,0
68,1.43422683697024,0.573088073598184,1,0
68,0.696490889840866,0.6690926166119,2,0
68,0.717277140109466,-0.438262667679395,0,0
68,-0.0861780391140697,0.661747049334576,0,0
68,-0.459228229255416,-0.07149172753169,1,0
68,-0.4058505634438,1.48852613228133,1,0
68,0.29927331411623,1.20331889767074,2,0
68,-0.518372611376444,-0.432802256032291,3,0
68,0.666673276456233,1.71289972312616,0,0
68,0.58748834142358,-0.131516282576165,1,0
68,1.34090043276833,-0.507654337089613,0,0
68,0.482104792460061,2.12366603001361,1,0
68,0.46292903442935,1.19812239135315,1,0
68,0.956131811962392,0.602556395532438,0,0
68,-0.137352966634768,-0.394679482247531,1,0
68,0.37114399204242,-0.524926991236375,0,0
68,0.40860179544452,-0.0914473360481926,0,0
68,-0.846955674486977,0.405330197596917,1,0
68,-1.9080563683429,0.743864728104337,0,0
68,2.10784970593389,-0.0157833875953578,0,0
68,-0.293120720771268,-0.934654786594795,1,0
68,0.744363089254174,1.15885058236715,1,0
68,1.20800233096027,-1.3458118035894,0,0
68,-2.32929381019868,0.332945786133807,0,0
68,1.30066180270416,0.376085530300014,3,0
68,0.662060398033934,-0.494792794306554,1,0
68,-0.323565284806266,0.0643389061439432,2,0
68,-2.1481635939773,-0.150688903267528,1,0
68,1.1869527700915,-0.204614047663644,3,0
68,-0.24595830035006,0.406448849978455,4,0
68,1.88819048693503,1.51885982334283,4,0
68,-1.67909726047903,-1.29398820755164,1,0
68,-0.00560745632255676,1.00307864672314,1,0
68,0.715427985644543,0.641941289668257,1,0
68,0.879615220996986,-0.515090699526337,2,0
68,-1.53754386705961,-0.467667243430574,1,0
68,0.0900779782221256,0.791922877830345,2,0
69,-0.623784107109027,0.0979185314126815,0,0
69,3.24140627597956,0.478768749992387,1,0
69,1.02092357348767,-0.936037525395905,1,0
69,-0.335538812309525,-0.695012790521063,0,0
69,-1.77944791915128,0.861673536523306,2,0
69,0.408311171231759,2.03765029303122,1,0
69,-0.247796161100132,-0.12574732305131,1,0
69,-2.29017772054798,1.18793365766044,2,0
69,-0.654669241413642,0.495050012284087,0,0
69,0.444315497575721,1.74527485031975,3,0
69,-0.177498846323655,1.94334260425914,1,0
69,-0.72805344294541,-0.945158980820815,0,0
69,2.11169186265566,0.131824989120927,0,0
69,-0.361029697357859,-0.846801920874853,0,0
69,-0.126869058972099,-0.186048673502103,1,0
69,1.31297116047332,0.463119767525729,3,0
69,-0.440082444206563,0.225239209720149,1,0
69,-3.08169926443275,1.4040893131715,1,0
69,-0.0446285632058166,0.420471590477811,1,0
69,-1.45910907367554,-1.0021117771461,2,0
69,0.742146345717332,-1.39675315454744,0,0
69,-1.12816591664488,-0.742410049930448,1,0
69,-1.23816107829854,1.23989074042808,0,0
69,0.119130843344959,0.911171314425137,0,0
69,-0.299226758594877,-0.743446654952353,2,0
69,-0.773327361377275,-0.601813383666614,0,0
69,-1.81593479127618,-0.438937651268277,0,0
69,-0.268363887845924,-0.235435858700504,0,0
69,1.66064237296665,-0.38619399332303,1,0
69,0.764915085213758,0.315599996162469,1,0
69,-0.243209627873207,-0.245902813547341,0,0
69,0.604407337176086,0.650604280030881,1,0
69,-0.498798589473585,0.767346945722754,0,0
69,-0.258249247324691,-1.77697735217388,1,0
69,1.7094428077264,1.12537230409,1,0
69,0.375884041996725,-0.577849584965391,0,0
69,0.951990659237053,1.71601930351932,2,0
69,-0.0310919312400754,1.61276407055124,0,0
69,-0.314522207293318,-0.729486677364613,0,0
69,1.42995543072336,1.08166573480223,1,0
69,-0.696595371947507,0.265927174232804,0,0
69,-0.022203921773605,0.601614048204551,1,0
69,2.13647534373318,0.513251765743355,3,0
69,-0.387627808798543,0.206933085907465,1,0
69,-0.615479458250889,-0.366284908535213,0,0
69,-0.798105086288765,-1.07885018731855,0,0
69,2.61867890255689,0.588518126283185,1,0
69,-1.62968500675742,0.985485700712833,3,0
69,1.13085545439252,-1.3862223964349,1,0
69,-2.01529069138983,-0.344911274660146,3,0
69,0.0317333256870639,-1.28269999758972,0,0
69,-0.849937889034228,-0.178593244760778,1,0
69,-1.15393808805139,-1.09751265771966,0,0
69,1.4758588289328,-0.0565549903200659,0,0
69,-1.54464134392945,1.16716617528625,0,0
69,1.11097247004699,-0.673959267182375,1,0
69,1.77601547847796,0.0633808314916416,2,0
69,1.01188155786509,-2.5205977621875,1,0
69,1.03689181434833,-0.940175420013299,1,0
69,-0.224651125711391,-1.32091862783035,0,0
69,-1.5577860796237,-0.3392602088485,2,0
69,-0.0463917914392349,2.42497839510621,2,0
69,-0.925644618571239,-0.118195108791629,0,0
69,1.84282893195563,1.92824740944057,4,0
69,-0.0172134485818985,-0.200671614418439,2,0
69,0.236582453222029,-0.877047102514211,1,0
69,-0.634637602160628,2.09471209850981,1,0
69,0.189047747457331,-0.907491817573886,2,0
69,1.02459302324265,0.556881949087397,1,0
69,0.26961237125869,-2.4715106584483,0,0
69,0.0770513665444146,0.184145667519542,2,0
69,-1.51325226747731,-0.177851921442665,0,0
69,-0.198345324452351,-0.711722079179062,2,0
69,-0.839223257219921,-0.293046255165607,0,0
69,0.346951289399566,-1.88691296349419,1,0
69,-0.273621211489712,-0.608259804645265,1,0
69,0.611376364662487,-0.786683107053524,2,0
69,-0.0359580479951951,0.265151878613039,3,0
69,0.998417677301702,0.605629653826972,3,0
69,-1.94084406941921,0.91078447312776,0,0
69,-0.39190225382021,-0.463280006565885,0,0
69,-2.16236604568834,0.877532528194695,1,0
69,-0.800217411354565,-0.908702954628233,1,0
69,0.428172546976067,-1.50676251158412,1,0
69,-1.25105379347655,-0.220115860919267,0,0
69,0.0962753374107602,-0.139647917297495,1,0
69,-0.492027477515583,-0.627870314183889,1,0
69,1.39830432271305,1.22759549711407,3,0
69,-0.166611041151204,-0.238151856105556,1,0
69,-0.650604591358654,0.33731733650932,2,0
69,-1.03952268366533,-1.20260895970844,0,0
69,0.879997829349239,-0.803874535134554,0,0
69,1.8138500401129,0.46569436684627,1,0
69,1.36122051185296,1.42584555648599,3,0
69,-0.774778786239871,0.624039511521639,0,0
69,-0.477834415023385,1.60348269841372,3,0
69,0.0914325127160402,0.878880163868051,0,0
69,1.97583511923813,-0.579984653126605,3,0
70,-0.90968502569783,0.0949367161617212,3,0
70,-1.16094731274946,-0.715785478673218,1,0
70,-0.406684232186927,0.588045129151529,2,0
70,-1.0601229124344,-0.0721951179422427,0,0
70,-0.220365421918144,-1.00323679482293,1,0
70,0.0341195812164861,1.53083899647362,1,0
70,-0.178610733309066,0.487370985955654,2,0
70,-0.8086759407729,-0.163965684911233,1,0
70,0.216456205920841,1.73081681382013,1,0
70,-0.389098592142704,-0.334697616016178,3,0
70,0.393530792140996,-1.11223209724485,1,0
70,-1.44756438616938,-1.6842017499452,0,0
70,-1.45550731459109,-4.04904876845823,0,0
70,0.0148721526631624,0.738622331949999,2,0
70,-2.56703898368451,-3.04872601869456,0,0
70,-0.195313822150625,0.37593348084254,0,0
70,0.61169424694954,-0.0283765089706443,1,0
70,-0.0544043025842714,-0.385224107540071,0,0
70,0.249709413930136,0.0317183357336394,0,0
70,1.68157962734719,0.668960010221409,2,0
70,-0.665091971357115,-1.70234734245643,1,0
70,1.45482579774349,-0.391765835629001,1,0
70,1.36094743980945,0.323816693800381,1,0
70,0.414711516531983,1.59100951867552,1,0
70,0.990286530809905,-0.275458595507087,1,0
70,-0.496022042142016,0.379836666716631,2,0
70,0.67305889682761,-0.738011543232201,0,0
70,-0.551805242266368,-0.546732489334223,1,0
70,-0.981770068583443,-0.433671171647465,1,0
70,0.335496893915355,0.719205475191553,2,0
70,1.55940994611888,1.19252241111549,1,0
70,0.0592679479610989,-1.02715299394811,0,0
70,-0.979685458910649,-0.131511169527959,1,0
70,0.620687204364632,1.35172836923165,2,0
70,0.386491271184985,0.334748487447633,1,0
70,0.501070004203353,1.15946555305912,3,0
70,-0.629441099070843,-0.968144643189774,1,0
70,-1.59133578414311,0.879549946503615,0,0
70,1.61964485593626,1.38818637600416,1,0
70,2.28855679635207,0.0863355672744117,1,0
70,-1.30823642060461,-0.580526907302165,1,0
70,-0.686314565332207,0.598730602587385,0,0
70,1.08422514888007,-0.205137952989851,2,0
70,0.729561125133198,-1.28923041493507,1,0
70,0.111774065876035,0.669273618055664,0,0
70,-0.26908709224242,-0.594192699188656,0,0
70,-0.586049739610036,-2.09722505624784,1,0
70,-0.374969671857798,-0.527565020917827,2,0
70,0.174874957848363,-1.4439948305758,0,0
70,-1.40626819866382,0.640527758250106,0,0
70,-1.9496640297969,-0.790853031853877,0,0
70,-0.526325631338111,-1.07470843766004,1,0
70,0.933595722718675,1.37193845946479,1,0
70,-0.597766729038304,-0.171549027922727,0,0
70,0.413289448867178,0.201517718830803,0,0
70,-1.445041761364,0.349394675167995,1,0
70,0.415345179807359,0.902655246407667,2,0
70,0.827585569633051,-0.124155646453013,0,0
70,-0.981768304634044,-1.18578191494612,0,0
70,-0.327260882263015,0.528507099253225,0,0
70,-0.852002317357299,0.157145201269373,1,0
70,0.129793666628772,2.34072818869303,3,0
70,-1.26089220115581,1.34438143423561,1,0
70,-0.0344747166533677,-1.19697892914423,1,0
70,0.00688455038238609,0.739417915291452,1,0
70,-0.918658269880128,-2.33495413098768,0,0
70,0.850813322840678,-0.745516439196009,0,0
70,-0.82147943244935,-1.00021684977851,0,0
70,0.0136369547378293,-1.48165908816481,0,0
70,-0.310953722587747,0.971005665762292,0,0
70,-0.673117091073484,-0.0757546501556313,0,0
70,-1.03135306012363,-1.06853219107538,0,0
70,0.136548725886455,0.643322283676137,1,0
70,-0.670015710117662,0.0764713931577754,2,0
70,0.743538788637265,0.0563644256201719,2,0
70,0.945875584683332,1.34572397549786,2,0
70,0.00215986863402084,-0.961107282764518,0,0
70,-0.122831443648716,1.62669060913098,1,0
70,-0.202171273713851,-1.37608849676862,0,0
70,0.498290742404696,0.414050588167441,0,0
70,-1.02006677458691,0.630370495194737,0,0
70,-0.284167618408784,0.811483494625398,0,0
70,-0.33001610257568,-0.716963223235885,2,0
70,-1.70875388436528,-0.980716685613133,0,0
70,0.547195689217634,-0.309917157235953,2,0
70,0.08269984271655,-0.37486891798179,1,0
70,0.258208077655725,-0.129933837003495,0,0
70,1.83249784880259,0.754653447467549,1,0
70,-1.17680257381179,-0.715237262434742,0,0
70,1.31057787870304,-0.217169378549561,0,0
70,1.28039465948249,0.870454344526347,3,0
71,-0.11251535807828,-1.62930766243272,1,0
71,-0.320790093378282,1.12638411134622,0,0
71,-1.72638624005184,0.0849312080406121,0,0
71,0.0347470270695034,0.480136887787965,2,0
71,-0.166126111359061,0.240345017693816,1,0
71,0.447608462303303,0.182804852542781,0,0
71,1.33832734445322,0.978054077041976,2,0
71,0.813675697872999,-0.226570747381075,2,0
71,0.376171713070656,1.30062521031859,0,0
71,1.41513494011075,-0.86312771859871,0,0
71,0.989683663078942,-0.451464330474009,0,0
71,-0.988247254791949,1.02690585524267,2,0
71,0.922872627135389,-0.639139165163083,1,0
71,1.5680946380376,0.671974197669385,3,0
71,1.01796085304718,0.0720142806047567,1,0
71,-1.06375640408869,-1.7588042562195,0,0
71,-0.298926667910343,-1.38417738930499,1,0
71,-0.164884698874352,-1.99988155116014,0,0
71,0.642175068175649,0.0328260988011495,2,0
71,1.70218840863248,-0.711424683110042,2,0
71,-0.223405450353528,0.423726270091281,0,0
71,0.718850262060077,-0.213425957461551,1,0
71,0.885836636151585,-1.82553920123748,1,0
71,-0.531020046637936,-0.0239801948122727,1,0
71,-0.738011964017899,-1.04636686858336,3,0
71,0.410297458661898,-0.141411161817189,2,0
71,1.94332872118959,1.2180536799424,3,0
71,0.724737138867854,1.09892946889219,2,0
71,-0.544909509951229,-0.569650350767827,2,0
71,0.0783749800903641,-0.751972470257927,0,0
71,-0.274006776688671,1.11189324130983,0,0
71,-1.06556799550073,-1.08769944762251,0,0
71,1.12075703984962,-0.140462403092607,2,0
71,0.173631757591086,-1.86644377626024,0,0
71,0.390018579975738,1.25083085608115,3,0
71,-0.453802805280928,0.313940217915465,1,0
71,-0.710000553589955,2.13691460025965,0,0
71,-1.18647509245583,-0.824166541714381,1,0
71,-0.423988197617083,-1.31436260608973,1,0
71,-0.599327841564603,-0.421352124908458,2,0
71,-0.970133676736408,0.742690503761494,0,0
71,0.955456074151031,1.83791329814606,2,0
71,1.0661537957625,1.12628435105429,1,0
71,0.0539141464360611,0.40346331857566,0,0
71,0.821164946313382,-0.128031881756715,1,0
71,-0.172356603002824,-0.65875703922733,0,0
71,-0.347857416612786,0.151153722707286,1,0
71,-0.121654554803657,0.123389079969588,0,0
71,-0.846616153301131,-0.840220170722737,0,0
71,-0.229520255605979,0.82978358345823,0,0
71,-0.327134656766259,1.80844878588429,1,0
71,-0.82969543737703,-0.805561372509441,0,0
71,-0.0229133652864611,-2.02179821455645,0,0
71,-0.166457991586794,0.21473166940493,0,0
71,0.23100172635793,-0.214694768520476,0,0
71,0.0476996055892827,-0.602190678055023,1,0
71,-1.2449811306561,-0.316461838065362,1,0
71,0.450740688469816,-0.5269480974029,0,0
71,-0.707575361212063,-0.544020365031906,2,0
71,-0.0332492294577377,0.883918640004131,1,0
71,0.627584864543549,1.35760998566685,1,0
71,0.910622120029916,1.39297955964765,2,0
71,-0.0901159921408816,-0.218883210584915,1,0
71,-1.36804924248553,-1.63103041051611,0,0
71,-1.33581260548883,0.692760944110599,0,0
71,0.268557284789552,1.19770804894455,1,0
71,0.4840317201853,0.233300875490543,1,0
71,-0.735776562236002,0.295029575372629,0,0
71,0.0926890365844165,0.439306234005554,1,0
71,-0.250486650688621,-0.666730301246444,0,0
71,-0.614228168987367,0.561750842490272,1,0
71,-0.217624698823939,0.706383677183332,0,0
71,0.509981133427761,-0.371062759013921,2,0
71,0.855332415144263,1.04082207753715,0,0
71,0.00669252138876465,-2.75274615164348,3,0
71,0.158925728840242,0.80681831093205,2,0
71,1.30587352427693,0.0345603356889617,2,0
71,0.422838969717334,-0.953782704581283,0,0
71,-0.261516677459848,-0.847772920707426,1,0
71,-0.299569757237859,0.326552034602228,0,0
71,0.735614806701766,-0.728790931858185,0,0
71,-0.28266594882903,-1.89699520429122,0,0
71,2.00237611768518,0.663119441531812,1,0
71,-0.156620080804904,0.824593330881894,2,0
71,-0.32922933793718,-0.409846875027156,1,0
71,0.268221885289031,-0.142206036007117,0,0
71,-0.728429838346505,0.915338988513842,0,0
71,-0.875412510797888,1.60538440236867,2,0
71,1.90576298871752,1.22939291530089,3,0
71,0.681324507516522,0.352401397848948,0,0
71,-0.398961743802616,-0.817333873263629,2,0
71,1.39001390709962,-0.05509668849423,1,0
71,-0.799170024121714,0.38214009680014,2,0
71,-1.14202278453007,0.107238424881477,0,0
71,-1.31454203455351,-0.889202379633118,0,0
71,1.37946765977058,0.136449184524626,6,0
72,0.654490547987912,0.955600376263174,0,0
72,-0.200233004058685,0.101868420837858,1,0
72,-0.221566756952034,-0.31616244217839,2,0
72,1.10635765264264,0.756361382077374,1,0
72,-1.31199311669954,0.592489121678188,1,0
72,0.141581543521387,-0.0672829481292835,2,0
72,0.756763580844921,0.0779157391678536,0,0
72,0.0320919095686742,-0.575960707000621,0,0
72,1.49194961879014,-1.14246282348738,1,0
72,0.615550968366573,-0.170101108329981,3,0
72,-1.13790227538294,0.0804527255984493,1,0
72,1.80876870568876,0.928481341045444,3,0
72,0.246953149797414,0.722863504726114,1,0
72,-1.31318707084945,0.904848130625367,1,0
72,-2.84803888241097,-1.64301053060774,0,0
72,0.296224253584962,-0.988882992973995,1,0
72,0.49341061554131,-0.149579264958867,0,0
72,1.2248619598199,0.475199685359846,0,0
72,-0.266537249032602,-0.373064298837865,0,0
72,-0.472177909696178,0.13220956725886,0,0
72,-0.150866282618936,2.24740969013361,1,0
72,-0.693638235231884,-0.994137664596253,1,0
72,2.44012008071828,0.128997361368381,1,0
72,1.46074053482145,0.316547168933452,2,0
72,-0.595573504336288,0.962097879548931,1,0
72,-0.0556888941505385,-1.08477151442478,1,0
72,0.957431410791495,1.34610001373364,1,0
72,0.0715297086858854,0.38882130112899,1,0
72,0.278440632583584,0.0232080237129101,1,0
72,-2.20834856377634,0.809272738305985,0,0
72,-0.0808156772481311,-0.194251849272708,1,0
72,-1.00838341474249,1.62621989298893,1,0
72,-2.14998119393181,-0.488214706288619,1,0
72,-0.776483110703016,-0.759280699890055,1,0
72,-0.11311291139698,0.0382788927504051,1,0
72,-0.271506000291923,-0.468960122599634,0,0
72,-0.0686236501130446,0.811279189170888,1,0
72,-1.24060947252502,-0.764520940640424,1,0
72,2.87502727434202,-0.590403670433739,3,0
72,-1.75087872276526,-0.00230321912042624,0,0
72,0.592151141619247,0.984792105659181,0,0
72,0.859355618771413,-1.7832256940067,4,0
72,1.29839676180963,0.234091137470366,0,0
72,-0.0835646698019065,-0.391561376616532,1,0
72,-0.269011214214805,-1.18236663433143,1,0
72,-0.836376883436732,2.24290171441485,1,0
72,0.973998214887443,-0.461896802714243,0,0
72,-1.12843442358526,-0.45505773714314,1,0
72,0.330129630442826,0.198800216263623,0,0
72,0.260337941422981,-0.463122522211795,1,0
72,0.1944998484279,-0.71435519962988,0,0
72,0.609902090557411,1.15555451055798,0,0
72,-0.21417940649576,0.318928925550505,2,0
72,0.149226104972252,-0.134357478812527,1,0
72,1.42151438765465,0.290381887286542,2,0
72,-0.877744177842242,-0.74597869392539,0,0
72,-1.02990517068992,-0.336830911793931,0,0
72,0.0205171685210399,0.280088258086082,1,0
72,0.337096069959985,0.230987144012373,2,0
72,-0.497820881734453,-0.500977065441296,1,0
72,-1.40131508219336,0.415213586308954,1,0
72,2.71382165203228,2.13469356326952,3,0
72,1.83667343275478,-0.55983877702695,3,0
72,0.749287660051757,-0.561118751156845,2,0
72,-0.0728165825052532,-1.1375967840234,1,0
72,-0.527178376639889,-0.468138451617155,0,0
72,0.859211423100063,0.28467320809049,0,0
72,1.092996365915,1.96281669140062,1,0
72,0.215074064073316,-0.0575198219647096,2,0
72,-0.440154798309141,-2.54501482245311,0,0
72,0.523311973878316,0.726612170744708,1,0
72,0.517133682824153,-0.488855477067089,3,0
72,0.346587663158597,-2.50375988109615,1,0
72,0.683728681865015,-0.291445701609012,0,0
72,0.600849880830046,0.45159523325778,0,0
72,1.25479952446019,-0.883776556277031,0,0
72,1.26707776211026,1.16315724213113,2,0
72,0.425579654535589,-0.0564981479485271,3,0
72,-0.750601790777379,-2.55727716927881,0,0
72,1.29787817333937,-1.34119752882209,0,0
72,2.55606854739842,-0.125813424389134,2,0
72,-1.02273629630158,-1.41615678082918,0,0
72,-1.51763138268626,0.682093959966021,1,0
72,0.765410418997709,0.107475381764925,0,0
72,0.517404816098346,-0.020812710775574,0,0
72,0.0533555751820926,1.91564845045376,1,0
72,-1.17804317508233,0.301070399168872,1,0
72,0.150596396417564,0.539724627260698,1,0
72,-0.021045696013401,1.44758626299202,1,0
72,-0.233695760259485,-0.0331392169910703,3,0
72,-1.09180790956604,-0.430724522753503,0,0
72,0.507291480513337,-0.175783491412995,1,0
72,2.03614370469854,-1.34606893818182,1,0
72,0.834252732054503,0.772536918774851,2,0
72,0.798304771605438,0.548708041919491,2,0
72,0.303751951008325,-0.621825248529168,2,0
72,0.354507045467884,0.577120980352701,0,0
72,0.485441224393226,-0.892945270063694,0,0
72,-0.401142601213772,0.19586304610146,0,0
72,0.759350727679225,-0.259007916656491,0,0
73,2.32470958057912,0.61829187722192,0,0
73,0.916492915393386,2.41072142074393,1,0
73,-0.285267426708298,0.432840002584488,0,0
73,-0.11598770250419,-0.50643037661052,0,0
73,-0.398668510778836,0.680310562173586,4,0
73,1.07609639542347,-0.24393415282957,1,0
73,-0.195517466125628,0.462855415926381,1,0
73,0.466410626994684,0.323506474856232,1,0
73,0.661114992584674,-0.881750562678655,0,0
73,-0.294012944510061,-0.470927173387163,1,0
73,1.62597706008606,0.395659315677393,0,0
73,0.829540928161633,0.22952181133716,1,0
73,-0.46668133662432,-1.66507426402964,2,0
73,-0.582218410843761,-0.0621462740432022,1,0
73,-1.10939792321473,0.521318302530486,1,0
73,0.864483341431915,-0.114390609853486,2,0
73,1.50942599026046,0.54360399155282,1,0
73,2.11898766099761,-1.05139136068415,0,0
73,-1.70413087142199,0.519519522660348,0,0
73,-0.549999571615124,-0.595198206796443,1,0
73,0.433663703233248,0.343227171471437,1,0
73,0.852717098472171,1.60246300740399,1,0
73,0.429290664800145,-1.23286551289185,0,0
73,-0.0473781309094142,-1.43811330937491,0,0
73,-0.573145151325587,-2.18761459498475,0,0
73,-0.831543357329808,0.260534311840079,2,0
73,0.833332347382984,0.65662657032364,1,0
73,-0.645293374717603,0.938124434487827,0,0
73,0.819666938735852,-2.11185183155979,1,0
73,-1.44206806981273,0.499323853378192,1,0
73,2.21333835833531,0.492058374663624,2,0
73,-0.737303492677905,0.230045821513818,2,0
73,0.606977689671629,1.12080054959074,0,0
73,0.909300474492973,1.79900365077638,1,0
73,1.40428436070662,0.684440336057899,1,0
73,1.63219285959656,-0.667910171399172,0,0
73,-1.40467863135916,1.27107251071832,1,0
73,-0.158673311250467,-0.0515354669934061,0,0
73,-0.379332921886571,-0.932508263582432,0,0
73,0.145849762686573,1.62781203297504,1,0
73,-0.558045190563932,-1.1528716063863,0,0
73,-0.89576342021552,-0.277008762420903,1,0
73,1.37185721186616,-0.382945293823765,1,0
73,-2.217497340869,1.13640469974196,1,0
73,-1.16577285450421,-1.62414412572315,0,0
73,0.368431624465093,-0.825035688368546,3,0
73,-0.59332498722395,-1.75434324081524,1,0
73,-0.797992745768115,-0.329647646953697,1,0
73,-1.6594086062758,-1.24250196434883,2,0
73,1.20611814356925,-1.59677239169749,0,0
73,-1.83131591176042,-1.01582902754603,1,0
73,0.399364320068662,0.671236338306989,2,0
73,1.74538110002445,-0.977939727099293,0,0
73,0.144375538895415,1.01785242009876,1,0
73,-0.680266528290354,0.696793565477383,1,0
73,0.601542687188256,0.953143099040017,2,0
73,-0.419077112060727,-0.339639384234841,1,0
73,0.892945298332076,1.09693774841674,2,0
73,-0.219221541102106,0.604748884599452,1,0
73,1.26337565431716,0.683015362313766,3,0
73,-0.220445190945088,0.245543782665967,1,0
73,0.851701152593576,-0.163164004944366,1,0
73,0.258196372785799,-0.650657652459764,1,0
73,0.738889045604283,0.111311805912526,2,0
73,-0.100097744208412,0.756923317331929,0,0
73,-1.41387144984487,-2.41542615245915,0,0
73,-0.120765108020567,1.0613195245553,1,0
73,0.939993124152579,-0.00776522558403452,4,0
73,2.1744238878364,0.071875428320483,1,0
73,-0.802949681778273,0.0785308118366272,1,0
73,1.69495334857712,0.378873366312458,1,0
73,0.900156031773755,-1.07482482866628,2,0
73,-1.3495990830091,-1.16563878438213,1,0
73,-0.251506366777109,-2.65309463569403,2,0
73,-1.60662954447081,0.0853481237359476,1,0
73,0.690104968581319,-0.951744955455198,3,0
73,1.10336509806375,-0.258113382986405,1,0
73,-0.543025634784942,1.04946027697503,0,0
73,-0.432417417976384,-1.47463991309819,0,0
73,-1.7670005865429,-1.65140229941958,0,0
73,-0.295875130617697,-0.0164435924102869,0,0
73,2.14279913208096,0.991246224629728,1,0
73,0.645030318700058,0.590591088381594,1,0
73,-1.54262477344741,-0.622583611564249,2,0
73,0.288337010259773,-1.81106263122825,1,0
73,-0.373273523089605,-0.400473863090087,1,0
73,0.289022732421672,0.651284808331192,2,0
73,-0.117212660011264,-1.62159101886215,0,0
73,1.82724338856491,0.334733575668396,1,0
73,1.29854653797495,-1.34374148386007,1,0
73,1.7303536481129,0.677566309851206,3,0
73,0.940369490015258,-0.664510081257301,0,0
73,-0.201526410467962,-0.223568342738963,1,0
73,-0.245523304409632,-0.550258023528206,1,0
73,-0.089646917432699,0.0703523404065127,2,0
73,-1.31009612373189,0.174481198143885,1,0
73,1.31360110451708,0.759444099340474,0,0
73,-1.11579294174995,-2.65903262183449,0,0
74,1.81182457654844,0.871050268074399,1,0
74,0.407541810046153,-0.624199302571271,0,0
74,1.1965600060238,0.935632014998723,2,0
74,0.282909524795194,-1.5010857477821,1,0
74,-0.473370830229314,-0.658469586220761,0,0
74,1.07619040105941,-0.172274977535195,2,0
74,0.415183238356708,1.61973521347943,1,0
74,-0.511468714134758,1.23701969320573,2,0
74,-0.228963599962355,0.0544972978775346,0,0
74,1.49467262536994,-0.398623753266381,1,0
74,0.743759678355472,-0.741881458390277,0,0
74,2.02285374787434,0.33782014232599,1,0
74,-0.675882647941747,-0.89131013121965,1,0
74,-0.739810506524867,1.87803227511464,2,0
74,-1.70940623749701,-0.0582338014741841,0,0
74,0.761645603398683,2.35184294124792,2,0
74,-0.50734517307006,0.54776038314857,1,0
74,-1.38972857239302,0.0642523883558932,3,0
74,1.11683189074299,0.390552712904956,2,0
74,0.626856714198049,-0.967498383013536,1,0
74,-0.155515664591173,0.07634007163534,1,0
74,-0.632647801560817,1.95881802315594,1,0
74,1.43607169287824,-0.586013185451469,0,0
74,-0.0681119598112577,0.13046042620052,0,0
74,0.00164368777757319,0.25780526569346,0,0
74,0.322046142205226,-1.51613144237311,2,0
74,1.9430037832016,-1.52301180818864,1,0
74,1.06344976371649,0.154699470885395,1,0
74,0.133860251759415,0.364460040517101,1,0
74,0.520409996423425,1.23848532860357,4,0
74,1.12906891826801,-0.131437136126345,1,0
74,-0.977197306928172,0.932838085164212,1,0
74,-2.0782735767955,-2.87012151652091,1,0
74,-0.0624136787245239,0.381462425135002,2,0
74,0.107322008952102,0.0923404406236543,1,0
74,0.138998520865492,0.0755809414383326,2,0
74,0.797523078336934,-1.42679253531754,1,0
74,0.893911098560332,1.25870268643626,1,0
74,-0.00815965013114884,-1.36725993895996,1,0
74,-0.729612983849632,0.766089371262124,2,0
74,-0.859282678708642,0.0551505086578115,1,0
74,-0.501137825868994,-1.3912804138724,0,0
74,-0.656550532803299,1.22054908693436,2,0
74,-0.752154103572075,2.40944060207854,0,0
74,-1.82277276840553,-0.41645527553903,1,0
74,-1.0383259152642,-0.648214557973365,1,0
74,-0.268943176943579,-0.997496065714435,0,0
74,0.57237641154561,0.030621270543158,2,0
74,-0.397511829297822,0.402462239940108,1,0
74,1.67100278515204,0.00324335272007255,2,0
74,-0.637738245755109,0.227035411541458,1,0
74,-0.469490858181517,0.107334012645405,1,0
74,-0.466559969857592,-0.0418036452003569,0,0
74,-1.85770737008559,-0.0359939114792083,1,0
74,0.261653260613982,-0.0999620410358513,0,0
74,1.68619563733565,2.7175406564482,0,0
74,-0.504764438435177,-0.404729053131869,0,0
74,2.26603974356488,-1.38879698439054,3,0
74,-0.0995161652513739,0.136421798147669,1,0
74,0.641988912097712,-0.533882143269606,1,0
74,-0.490147915824374,-0.480808450562064,2,0
74,-0.603727189682618,-0.106307969487078,2,0
74,1.39680510320701,1.00365580827638,0,0
74,0.485442381684987,1.24070075325574,1,0
74,0.188209805382602,0.497722759161618,1,0
74,0.219479755169004,1.18749062532028,3,0
74,-0.219218698314465,-0.0750350189403774,3,0
74,0.242884420699137,-0.0510051716246443,2,0
74,-0.446952341586332,1.48183223281047,0,0
74,0.319083265889536,2.1134175478567,2,0
74,0.224710342143295,-0.508913809499898,0,0
74,-0.0387199827209419,-1.22590281023771,0,0
74,-0.0925191261193278,-2.30906559733754,0,0
74,-1.49671523690927,0.251877617779203,1,0
74,-1.47794123702898,-2.12321147778265,2,0
74,0.883325893290919,0.0168773500908529,0,0
74,1.27834893281461,0.540922350970423,1,0
74,0.581881627496002,-0.731786674574293,0,0
74,-0.449658436825263,-1.29261837608307,1,0
74,-0.374297558540258,-0.718803719839948,1,0
74,-0.745861166497275,-1.35097745249526,1,0
74,-0.664219604563186,0.391970389287522,2,0
74,0.371334962007331,-0.510854637949791,1,0
74,-0.53890034863381,1.24355271757833,0,0
74,-0.334288689537159,-0.289902069228669,0,0
74,1.52069619326925,0.622522484222645,1,0
74,-0.661465178082706,0.204102627597669,1,0
74,1.41270775011483,-0.493721860622266,0,0
74,0.161783982380953,0.276586428931448,0,0
74,-0.454599965589374,-2.47467938811679,2,0
74,-1.92299666837986,-0.0839595585649136,1,0
74,-0.599520971658685,-1.19219412195982,0,0
74,0.296227261917213,1.91047236775542,0,0
74,-1.1582555743737,-1.32318020244875,1,0
74,0.13440648673968,0.329312871384137,1,0
74,-0.130541166962558,-1.19097622334213,0,0
74,1.51452376555532,0.410698353259471,1,0
74,0.127154998255074,-0.0455490346755579,0,0
75,0.304726138653177,-1.33473420835897,4,0
75,0.539146312083109,2.2389445360748,3,0
75,-0.418869409844458,-0.678197830833591,2,0
75,-0.617033470780732,-0.767891416902866,0,0
75,0.318958536396114,1.13231409044414,0,0
75,1.87820672251739,1.66301076974492,2,0
75,-0.502464372384142,-1.09052901248782,0,0
75,0.664635814686037,0.656643962868948,1,0
75,-0.628726677780769,0.506431318787486,0,0
75,-0.271503640668792,-1.0541401438777,0,0
75,-1.79952954041222,0.347587836457613,0,0
75,1.47897416572333,0.0905951002011402,3,0
75,0.85997076248431,1.0393541560779,0,0
75,0.136829118289075,1.96719963475829,2,0
75,1.08126681157107,-0.577184491923885,0,0
75,0.705053974221647,-0.281823978216352,2,0
75,-0.198238438129303,1.00409961297739,0,0
75,-0.619270876462085,-0.673737745782263,1,0
75,-1.03161000831613,-1.76135749549482,2,0
75,0.469389452887476,0.361821822525508,1,0
75,1.40389781302227,0.28340924440268,1,0
75,-1.10697331800043,-0.931788749153594,2,0
75,0.316855840706528,1.51917644827439,3,0
75,-0.100478160902531,0.514285434101438,0,0
75,1.12225743356588,-0.519327048316263,0,0
75,0.479932784297181,-1.1939279576378,0,0
75,-0.0124002803630688,0.802275290887089,1,0
75,0.0808341004375298,-0.189464074781865,1,0
75,1.80911553808173,0.934742266141049,2,0
75,0.379640369810324,-0.654323283647958,0,0
75,0.836577196667317,0.476443711528696,0,0
75,-0.339870679761111,0.777924124317511,2,0
75,-1.31746025427224,-1.30501469821562,1,0
75,0.209561219696235,-0.43621329688535,0,0
75,-0.34367136961425,-0.940491433820192,1,0
75,-0.409257320409652,0.41543704940701,0,0
75,0.27658464223345,0.014906136195792,3,0
75,-0.446800929963271,0.766843379077851,3,0
75,-1.07988089158426,1.16401547420271,2,0
75,1.32004020070897,-0.271908844140116,0,0
75,0.0114994796367643,0.243702425058024,1,0
75,0.0316224865552418,0.483809778895977,2,0
75,-0.573655514536738,0.5825570479652,0,0
75,-0.806365862697575,0.839157710333499,0,0
75,0.962584581346414,-1.25969579391035,0,0
75,0.871766410044727,0.45875463606944,1,0
75,0.813896303571768,-0.794351929484823,1,0
75,-0.657348658589643,-2.2189583062399,1,0
75,-0.0192882490292417,-0.694098636592889,0,0
75,-0.923114512355563,2.46016440439399,0,0
75,0.0592152889634197,1.71191962084409,2,0
75,1.39913138117159,-0.854102093151926,0,0
75,0.380910991281928,0.248083980507585,0,0
75,0.74721316858468,1.50734053281155,3,0
75,-0.107535166513174,0.369572269808404,2,0
75,1.39427143803017,-0.141819860387885,1,0
75,-0.154660962719878,-1.11974049159327,0,0
75,-0.555547421729908,0.14099453067347,0,0
75,1.17051646681801,-0.97336465303526,1,0
75,0.549072653022761,2.43466146865591,1,0
75,0.862553431253406,-0.886647997268426,2,0
75,0.659563055859711,0.518952066449848,2,0
75,1.43634058859468,0.666219538658085,1,0
75,-0.0192098003441378,0.88791783680857,1,0
75,-0.518470755866019,0.115761942488561,1,0
75,0.190577508589062,-0.963666740787459,0,0
75,0.368057609203302,-0.710456299839042,2,0
75,-0.336662344556366,1.80460090388393,3,0
75,1.47488090407837,-0.703814295818885,0,0
75,0.39146711195899,-1.65463602289754,0,0
75,-0.0275258990233977,-0.0302253932786556,0,0
75,1.47826168628616,0.0818015793646604,1,0
75,-0.388047537929815,0.546044310277393,0,0
75,1.60007641365151,1.28252818345418,2,0
75,-0.934260294677405,1.7680418032845,1,0
75,-0.0613100068284328,-0.113712905600051,0,0
75,0.87677041663017,0.0494233046149136,1,0
75,0.75475092551592,-0.184271153379627,2,0
75,-1.81384523084339,-2.31508228189238,0,0
75,-0.835082409255425,-0.868890513681085,0,0
75,-0.0451790082945054,-0.0576528494337667,0,0
75,1.30186421119947,0.243019300774382,2,0
75,0.548313199293981,1.49602573739386,1,0
75,-1.40518927710168,0.538369474883315,2,0
75,1.44675162498925,0.211244084978838,1,0
75,0.334865239585915,1.79413727613027,0,0
75,0.9227551351507,-0.571111382275533,0,0
75,0.143678554836063,-0.421739821807411,0,0
75,0.21409191433497,-1.93313836010286,1,0
75,-1.39153918104309,-0.528865657158416,0,0
76,-0.112214529050358,0.742574160743295,0,0
76,-1.00932998049622,0.405855807074787,1,0
76,0.577665992886515,-1.28058719365449,0,0
76,0.460151619906649,-1.66975667811792,0,0
76,-0.0651096869504036,-1.4244139319238,0,0
76,-1.51409602644631,0.861884326424546,1,0
76,0.224443181612704,0.027516526797705,1,0
76,-0.0441290353773316,0.959329260979883,0,0
76,-0.192570743514991,0.190777026018591,1,0
76,0.297761692805554,-0.282073522775443,1,0
76,-0.152487058198884,0.411782369469653,3,0
76,0.555290105345591,0.222645602255845,0,0
76,0.577272076167405,0.275482752783831,2,0
76,1.16525251300556,-0.34592283832268,1,0
76,0.616827254615409,-0.174972434015322,1,0
76,-0.837493142417422,1.67438660173312,2,0
76,-0.183525063635656,0.200344555846227,2,0
76,0.104284909805425,-1.26574450805494,1,0
76,0.279948821668449,0.472066693731892,0,0
76,-0.416452208073367,0.299884227771601,4,0
76,0.942190090041447,0.175404977516696,1,0
76,2.50202780047786,0.234430504670647,2,0
76,1.1544735199472,0.891119212004581,0,0
76,1.75214688568975,0.0817235971461215,1,0
76,-1.58271064776477,-0.786372923680595,2,0
76,-0.858698742656773,-1.28213389925263,0,0
76,-1.58311573997205,-1.18445046060415,1,0
76,-0.290679647545964,0.483096555871532,0,0
76,1.21345351096558,-0.605745439519389,3,0
76,0.135799282375506,-0.591830618859384,2,0
76,-0.287875798389621,-0.321965005002961,0,0
76,-0.544257485353839,-1.15832552004915,1,0
76,0.101217111662087,0.92102872999666,1,0
76,0.668015288666375,0.111054925612416,1,0
76,1.3669036980675,-0.0999297941746059,0,0
76,1.67082613972559,0.963945889870255,3,0
76,0.415897953756262,-0.483682750720541,1,0
76,-1.56594795932059,0.143932959091413,1,0
76,-0.94371492429728,-0.0517945756379233,1,0
76,-0.549648629780912,-1.72488429276675,0,0
76,-0.21721637884715,-0.079628186637821,2,0
76,-0.901913702762425,0.337681866858856,2,0
76,1.85453426070039,-0.0834214361531527,1,0
76,-1.03963552295625,-0.873291305071985,0,0
76,-0.330073548841307,-0.241400074997645,1,0
76,-0.0442180625878445,-2.65643644138917,1,0
76,0.0971853991761589,-1.60952258875859,1,0
76,-0.992890247157435,0.257006383499616,0,0
76,-0.0841644939465748,0.606968106672489,2,0
76,-0.564903079087964,-0.220198937123945,0,0
76,1.46822639786506,0.331362478056922,4,0
76,-1.60633217876219,-1.12504985113104,2,0
76,1.03130245668886,0.646589922447859,0,0
76,-1.72923711643531,0.470194545160958,0,0
76,-1.54631307871727,-0.34374185126559,1,0
76,-0.466627210155712,-0.02690330028302,0,0
76,2.31433632692351,-0.168025503870922,2,0
76,-1.79088156474774,-1.78271444885461,2,0
76,0.111801043704289,-0.403071220188304,0,0
76,1.29503736154265,-0.729601017968919,0,0
76,1.30319111190567,-1.12359494130048,1,0
76,-1.03501928059554,-0.638187204433807,0,0
76,-1.7691843079786,-1.10071736788758,1,0
76,-0.454467795390349,-2.49039289535501,1,0
76,0.33258549008333,0.112244052169138,0,0
76,-0.867901718714687,-0.47453460135066,2,0
76,-0.934261423537554,0.0621372397379888,1,0
76,1.03320842721059,-0.250463885184594,2,0
76,1.15597499399816,0.746713470456486,3,0
76,-0.212936757287921,-0.810759050875258,1,0
76,0.914676002228483,-0.114436409186268,2,0
76,-0.168188444112301,0.313958032879765,0,0
76,0.403345737001539,1.00547375766278,1,0
76,1.65143402447454,-1.44482106177594,3,0
76,0.395207751002068,-0.547931079333524,2,0
76,-0.0941694142210605,-0.296880111891064,1,0
76,-0.412048091844214,-0.124374251271238,0,0
76,-0.869884682190536,-2.4733369196786,0,0
76,0.729999254621378,0.384738224465417,0,0
76,-0.587606237623309,-0.112613293796766,1,0
76,0.223740877792635,1.30663148403049,2,0
76,-0.854945425961343,0.431145211874565,1,0
76,0.808968287642003,0.939209355701515,3,0
76,-0.951473795372192,-1.15987253384489,2,0
76,-0.167795740329833,-0.368582517230162,0,0
76,1.73645819190778,-0.589386352963665,0,0
76,-0.232984261562165,1.42975354765994,2,0
76,0.780333718731839,0.0544716826382478,0,0
76,1.28594902500403,-0.231160079351331,3,0
76,1.27192729615633,-1.59499543240579,2,0
76,1.87848164815238,0.869183860418328,0,0
77,-0.174091713331296,2.48673883879146,1,0
77,-1.48955816012626,0.77251540160957,0,0
77,0.886663559185746,0.0430815292327301,1,0
77,-0.571779509899275,0.585672521365972,0,0
77,1.86571324136038,0.593969974463098,0,0
77,1.2133754982153,1.50862929574958,3,0
77,0.682200914500378,1.06191176298934,0,0
77,-0.573401365255118,0.657639240894877,0,0
77,1.71802924860753,0.189558620524756,2,0
77,3.05987424427378,-0.0885690686467288,1,0
77,1.27951403923936,0.372430678237788,1,0
77,-1.0093601845771,-0.829294087391563,0,0
77,-0.906785164155194,1.42810303693979,1,0
77,-1.47851002829196,0.183401522802132,0,0
77,0.5452405169488,0.451360362010483,2,0
77,0.284323200114731,0.381298961017369,2,0
77,-0.398466360585176,0.47616238951674,1,0
77,-0.563491253374024,-0.521454535211861,0,0
77,1.73282735376694,0.914569409201206,2,0
77,0.420774242835717,0.154324396304322,1,0
77,1.03572962341507,0.478756913312247,1,0
77,0.175730761240889,0.276246130548461,0,0
77,-0.221561752348649,-0.711249555654558,3,0
77,-1.13210045474454,-1.42926418047878,2,0
77,-0.300662579062694,-1.15967017440185,1,0
77,0.0800065822283157,-0.376240129631436,1,0
77,-0.456499128924017,1.02889449225169,1,0
77,0.577609864298811,1.59937614787145,3,0
77,0.543528962802598,1.33608816018968,1,0
77,-0.21277418638148,-1.42405319122114,0,0
77,-0.346601397674229,-2.46237044248367,0,0
77,0.363628017513217,0.333458787831351,1,0
77,-0.0470409844076321,0.903977505109395,1,0
77,-0.693068852879667,-0.64233255403556,0,0
77,-0.333698918210133,-0.877470428533377,1,0
77,-0.319389223218741,-1.53513727689796,0,0
77,-2.21412938620513,-1.5106589861455,0,0
77,-0.48534846379854,-0.577674074822328,2,0
77,-0.714547506290483,1.39035141995588,1,0
77,1.75082330440847,-0.857368639254587,2,0
77,1.02669200282755,-0.749014694418185,0,0
77,-1.23335200950148,0.895906374354671,0,0
77,-0.244054101915663,-1.38730450729304,1,0
77,-0.80467125759308,-0.317885437481908,0,0
77,-1.71450926946397,1.18442581318037,3,0
77,-0.512634762745334,0.277218479655048,0,0
77,-0.448684958091186,0.313615795311636,2,0
77,-0.576209852622806,-0.0674067877619525,1,0
77,0.970457639882562,-0.356380334024995,0,0
77,0.150772345104195,-2.46019028337912,0,0
77,-0.630646911346238,-0.983849603315764,1,0
77,-1.41973892670105,-1.15571387156909,2,0
77,0.32825393024627,0.488905067459158,0,0
77,-1.33792230430222,-2.13055545670929,1,0
77,0.59612016372589,-0.36392560651797,2,0
77,-1.84315694664102,-1.54400157912195,1,0
77,1.20567552037092,-0.56869929228477,0,0
77,-1.14236259789418,0.113456342989736,0,0
77,-0.350212646029924,0.612232635859882,1,0
77,-1.80223136175647,0.806903075560557,2,0
77,0.205906058426972,1.1555950114927,2,0
77,-1.21541303654457,-0.107665611094369,1,0
77,0.695840722559306,0.305089171583163,1,0
77,2.40242450597282,0.356153798327657,0,0
77,0.725775887475708,0.351795266611574,1,0
77,2.04057723843583,1.93931948787982,3,0
77,0.700814078002215,0.77278930450904,0,0
77,2.785265889123,0.792413806750156,1,0
77,-0.147195981312058,-1.00162319337727,2,0
77,-0.011111568546037,-0.262671441438751,0,0
77,-1.69317402900902,0.0743607489012956,0,0
77,2.04328859615834,0.947959077776714,2,0
77,-1.82934256914307,-1.94402554277549,0,0
77,-2.85429275301929,0.719894185765807,0,0
77,-1.38048896947871,-1.02503048824452,0,0
77,-0.313838762344382,1.0839358351321,3,0
77,1.97586727773227,0.298391207699983,1,0
77,0.444943304821261,1.02702243185354,2,0
77,-1.2838793797761,0.139965735388171,1,0
77,-0.818889427069059,-1.03785911143788,2,0
77,-0.461186300253608,0.237120617102415,2,0
77,1.98817814154799,0.298899205801949,4,0
77,1.56176710747915,1.0925246495931,0,0
77,-0.441433509838379,-1.04059484769996,2,0
77,-1.87129296504272,-1.20351209848442,0,0
77,-3.12497772308178,-0.705670989882822,0,0
77,-0.567874061886241,-1.24596358769252,1,0
77,-0.54972592115432,-0.126169182613269,1,0
77,-1.47462011657417,-0.65479916125922,0,0
77,0.30735467402133,-0.758290563921023,1,0
77,1.62854113933758,-0.946242287153149,3,0
77,-0.36136204759518,-1.78331443444126,1,0
77,-0.324213981351865,-0.642028356138837,0,0
77,1.93947836186787,0.205577550337499,3,0
77,2.66016644698893,0.446396583248107,0,0
77,-0.967238977518411,-1.56310928239758,0,0
77,0.874793513468985,0.938192029087864,1,0
77,0.447216393424049,-0.0168358945712685,1,0
77,-0.477585035983644,-0.516594176084232,1,0
78,-2.25676278857477,-3.10187944433867,0,0
78,-1.08921356939069,-0.756714067605202,0,0
78,1.36222113933481,0.924252675269632,2,0
78,-0.350664025949125,-0.11720101469996,2,0
78,-1.0433769580886,-0.966854391439183,2,0
78,0.243042207457491,-1.17776270989021,0,0
78,0.870033248191647,-1.13579689528034,0,0
78,-0.84316050133446,0.0210212101689544,0,0
78,0.295694615310535,1.96185550493713,3,0
78,-1.68109102662573,0.164978942999525,0,0
78,0.350446912646741,-0.016265674579121,0,0
78,-0.121171439905174,-0.484465164636162,1,0
78,1.04600116261608,-0.384924618068778,0,0
78,-0.955565562390661,-0.521721258684036,1,0
78,-0.374129545477798,1.28170096006141,3,0
78,1.12373435425365,0.914950010017163,1,0
78,-1.41301398084724,0.905685165411909,1,0
78,0.429527131623827,0.193875134689472,0,0
78,0.944124909491254,0.231397687946441,1,0
78,-0.703534274310505,-1.25135526228189,2,0
78,-1.32032716615331,-0.796776127506082,1,0
78,-0.975438179606869,-0.170694710693255,0,0
78,-0.400347438426945,0.466138276691753,2,0
78,0.998107559216938,0.667043652280955,2,0
78,-0.237044415729771,0.718929460140554,1,0
78,-0.396257258233476,0.751821247167526,0,0
78,-1.72952615519595,0.477941325806705,1,0
78,-0.570285490633548,1.01191782319365,3,0
78,0.408888271041941,2.50174459738539,4,0
78,-1.09444165837829,1.62323648121695,1,0
78,0.381567636123771,-0.616676194710342,2,0
78,-0.384337350936222,0.0207320513688973,1,0
78,1.09135082956902,0.439137504049532,2,0
78,0.541786845187057,0.556478610719189,1,0
78,0.103369893956866,1.3150387978143,1,0
78,1.59397832026343,-0.494403116569127,2,0
78,-0.804115481448457,-0.750408556542867,2,0
78,-0.152073671634104,0.0503917908167135,1,0
78,-0.533330550571887,-2.08638128040326,0,0
78,-1.41108587085943,-0.287901462494622,0,0
78,-0.180071224284085,0.380517738411801,2,0
78,1.37841191454576,0.902541838285352,0,0
78,0.690974321809135,-1.37496625911516,0,0
78,0.320568177778514,-1.31839965230179,0,0
78,-0.609636916906007,0.454876014084694,1,0
78,-2.04482562150349,1.471364435612,3,0
78,1.53594014658971,0.663993811424753,0,0
78,-0.151261735059801,1.11417044419719,0,0
78,0.487215215326337,0.725161364932822,1,0
78,1.64166235180841,1.79664168791979,2,0
78,-0.540409486236386,-1.90168399186817,2,0
78,-1.03240174437921,0.176915100071274,1,0
78,-0.929910509972586,-1.71327858456586,1,0
78,-1.75578852921196,-0.341524958465519,0,0
78,0.212101775799537,-0.319805636305184,1,0
78,-1.2615630902785,0.465268007066736,1,0
78,0.387924363542149,1.68570105302561,0,0
78,1.49032040558265,-0.0309658568443192,2,0
78,-0.286835445166684,-0.664101673416547,0,0
78,-1.06921145944415,0.293356383954951,0,0
78,0.134925411008144,-0.497198407100913,4,0
78,-2.00934360017268,-1.96969243311247,0,0
78,1.34405303467604,1.47338092622293,1,0
78,0.79598825710059,0.872716019297564,1,0
78,-0.16170843179967,-1.40297716028328,0,0
78,0.738242840906268,-0.126844305056474,1,0
78,0.0512629540285951,-1.94453252602552,2,0
78,-0.581992631868366,2.23302935630469,1,0
78,-0.448168333362873,0.392031102942507,1,0
78,-1.24863889788536,0.690297392816409,0,0
78,1.64421348839572,-0.387992230042161,1,0
78,0.340765814809819,0.591669826428112,0,0
78,-1.88336799728774,0.937015466725447,1,0
78,-0.0772281912575558,-0.850916271195824,0,0
78,-0.317366888566104,0.193341515177486,0,0
78,-0.27798182454359,0.255570583375842,0,0
78,1.77967429639125,1.97023985176428,4,0
78,0.560937213945357,0.372278890596531,3,0
78,1.51445832763067,-0.860283056392434,3,0
78,-0.977042283183334,-0.27480169083709,2,0
78,-0.011885344039291,-1.09612604284353,2,0
78,-0.184466368636705,-1.3709317536296,1,0
78,0.441484804832258,0.213528554990856,0,0
78,-0.144292683388421,0.558819353022244,2,0
78,1.72039847252845,0.618351698679851,1,0
78,0.658014631377159,-0.701745676520277,3,0
78,0.792672150292846,0.686697743898605,1,0
78,-1.40714153186112,-2.42850063244867,0,0
78,-0.669592304857675,-0.311208703321346,1,0
78,-1.85209393297249,0.451202138362163,0,0
78,-0.343620069770426,-0.705741406314487,0,0
78,2.13887458740531,-0.557033449428187,1,0
78,-1.00038935820525,0.327754393133947,1,0
78,0.147850465978611,1.12220773111934,0,0
78,1.42987048630359,1.63194851085003,2,0
78,1.35552531615196,-1.40754938708313,0,0
78,-1.34130188144508,0.861971255741787,1,0
79,1.11612482346114,0.559873439189676,0,0
79,1.93236192318953,1.25348941499041,4,0
79,0.179398642459618,1.1727431281826,0,0
79,0.762441217969606,-0.855158592900377,3,0
79,0.529147860014529,-0.0485013527733711,1,0
79,0.35795154327507,-0.844060578104756,1,0
79,-0.0548120308704911,-1.16817269952633,2,0
79,0.105679163238555,2.0963551272005,1,0
79,0.956770067122733,0.83937701335742,2,0
79,-0.517985955382934,-0.897745193985098,0,0
79,-1.35119873187776,-1.33816027606189,0,0
79,-0.764897400508178,-0.0503801157296752,0,0
79,1.51356882834697,0.481463198173539,1,0
79,-0.342727999590421,1.7344044278213,3,0
79,0.906476581856881,-0.285264488651743,2,0
79,-0.07947589717116,0.145052303963608,0,0
79,0.74359602107885,0.063168573656597,2,0
79,1.40297746301743,2.27463356906015,2,0
79,-0.358868805331996,-1.65147648598434,0,0
79,2.39334528969325,1.43470191873747,6,0
79,0.345571191347429,-0.0647271345865637,0,0
79,-0.399368186202843,-0.174814144408271,0,0
79,-2.44914475605733,0.255034177212088,0,0
79,1.0392980932096,0.660276558742711,1,0
79,-0.391866823880992,0.51028388557164,0,0
79,0.91364688597967,0.147973253242212,2,0
79,0.082795288797293,0.236264586042141,1,0
79,-1.30841506493507,1.05585514020375,0,0
79,0.802808925036011,0.865051210664571,1,0
79,1.62758540581157,-0.260738525925053,2,0
79,0.827373064802845,-0.801740315627171,3,0
79,0.775052366354679,0.507227930724453,0,0
79,-0.79540422207293,0.784836914734906,0,0
79,0.388150967192253,1.6317624219967,3,0
79,-0.735184475723278,0.90705628415522,2,0
79,-1.54262116917508,0.579869511687582,1,0
79,0.263929182091343,0.439387960023678,0,0
79,0.348597565627079,0.970605926604586,0,0
79,-1.06547046492785,0.83389698007862,1,0
79,0.455105566072985,1.40352703608483,1,0
79,0.0865995992493317,0.674053911222085,1,0
79,1.16325347950941,0.432021326614573,1,0
79,-0.660082200527042,0.672425635052958,0,0
79,-0.384749584308094,-0.306966084677648,2,0
79,0.0993320357324788,1.47289829245538,3,0
79,-0.575632290394255,-0.61487209663306,0,0
79,-1.75773580618797,0.896623378276182,1,0
79,0.616092516479286,1.31420844271888,1,0
79,0.10124016199796,-0.954262060651142,0,0
79,1.85939689949547,0.47556426263697,0,0
79,-0.285689519994921,0.415706244173535,0,0
79,-0.232105646817042,-0.0741872343684715,0,0
79,-0.948515550874493,-1.99289387332897,0,0
79,0.450146233496083,1.92732776566622,0,0
79,-0.114214020151985,-0.176590043978599,0,0
79,1.09947035114338,0.218604623241691,1,0
79,-1.49105853388931,0.0901881144041383,0,0
79,0.840449382573209,-0.301109298585131,1,0
79,-0.100076204451991,2.28982506148624,0,0
79,-2.21618036944338,-0.814218879036906,0,0
79,0.00112205836005587,-1.04281413896083,3,0
79,-0.700336402860458,-0.384371478204251,1,0
79,-1.08336380371289,-1.19840562396727,1,0
79,0.349277512528596,-0.936672011044255,2,0
79,0.262034118529274,0.333446069740912,0,0
79,-0.125593510316485,-1.03986665122933,1,0
79,-1.10917328440667,1.60614936007021,0,0
79,0.45488890698487,0.694761687886158,1,0
79,-0.881889926803622,-0.486065289393308,2,0
79,-1.36732035147466,-0.803153856855863,0,0
79,-1.32488983544059,-0.337930420320222,0,0
79,-0.282539345155488,-0.181208501671614,0,0
79,0.0474225836696804,-0.85995086775086,1,0
79,-0.383773284223308,0.665046474751712,1,0
79,-0.352480174322191,0.178605627736161,1,0
79,1.69670234754579,0.367740491056658,1,0
79,-0.892743217934412,-1.40568434249671,3,0
79,-0.96573186689789,0.379964994413146,1,0
79,-1.3956378433721,0.525798971392684,1,0
79,-0.0843657910564542,-0.772731485931332,2,0
79,2.00321350525246,2.12618656154054,4,0
79,-2.49276447046476,0.323327114007923,0,0
79,0.1344628406522,1.7163727102812,2,0
79,0.45364059098826,0.18749143830169,0,0
79,-3.05707664507721,1.12288072209363,0,0
79,-0.110835232066033,-0.273683975669073,1,0
79,0.394579652578923,-0.16388276519885,0,0
79,1.54076807261845,1.51201224669012,1,0
79,0.582442713851635,0.474629649096241,3,0
79,-0.120883234834871,-0.319626408525435,1,0
79,0.900881843494555,0.722931350502674,1,0
79,1.2929864155167,-1.17850472790021,2,0
79,0.567752407662484,0.95089371761181,1,0
79,1.1923260256445,1.1473258897222,0,0
79,-1.60707549948636,-0.316128607867103,1,0
79,1.26678321893,-0.509483722128228,0,0
79,-1.70659519010159,1.1760068269859,2,0
79,-0.336234288606701,-0.593005008414108,0,0
79,0.885711649263857,0.232673941153315,1,0
80,1.97511813028111,0.273549216085302,0,0
80,-1.08456058821672,-0.0975050926174907,0,0
80,-1.04504522469168,0.558013350972951,2,0
80,-1.32365469595296,0.667878395431162,0,0
80,-1.33910317604546,0.9766528483103,1,0
80,0.142420372869909,-0.599960553889892,0,0
80,-0.440968067853496,-0.25166614858395,1,0
80,-0.396777919395511,2.07493539558457,1,0
80,-1.3508239561246,-0.123128104450808,0,0
80,-2.34891639113887,-1.16560482610538,1,0
80,-0.31866624014175,-0.678604837460925,1,0
80,1.06361480594699,1.02145900218291,2,0
80,-1.49609568363581,-0.611959385197368,0,0
80,-0.971034200911033,2.47665520256101,1,0
80,-0.944061490776362,0.782165227485887,1,0
80,2.55428257973676,1.85350269113057,2,0
80,1.41768912804052,-0.307299589793725,0,0
80,-0.81675961209686,-0.659093624640503,2,0
80,0.0642453821981285,0.616435884874884,1,0
80,-0.171343080357256,-0.112887459169495,2,0
80,-0.29387502965766,-1.0606059038584,0,0
80,0.63559181840256,2.48734953589645,1,0
80,-2.38490024849838,0.132838970309627,0,0
80,-1.52925141466501,-1.14778891896419,1,0
80,1.26858865762961,-0.784511212032231,1,0
80,-1.07125119299512,-0.598846358104704,0,0
80,-0.702793641723214,-0.224529259683722,1,0
80,-0.157634617139723,-0.385328642572105,0,0
80,-0.900993037019868,0.948004874346293,1,0
80,-2.1065849076944,0.652062693845253,1,0
80,0.743915273676035,0.0347286064646671,1,0
80,1.17427620474426,-1.42033665714083,1,0
80,1.7194127006533,-0.644642833447811,1,0
80,-1.34975734340145,1.80311360719823,0,0
80,-1.12155447347411,0.738357001291651,0,0
80,1.40543993717379,1.55546867503041,1,0
80,1.5506100957141,-0.280463030345799,2,0
80,-0.244976731716549,0.757884440838296,2,0
80,-1.03177091098788,-0.22379180276926,0,0
80,0.247446084485293,-0.823821882996978,0,0
80,-1.25700695594842,-1.24179207814507,0,0
80,-0.839373461944437,0.127408895405827,0,0
80,-1.40035276976381,-0.892181693226743,0,0
80,0.0854747223596948,-1.05918231709596,0,0
80,0.621237271917276,-0.353246287010363,1,0
80,0.498527201064835,-0.265451750716138,0,0
80,-0.0516525639696533,-1.36120660274028,1,0
80,-0.75573915790762,-0.425240710315766,0,0
80,0.107579616334293,-2.15884041963776,0,0
80,0.392529547250658,-0.884784033412042,1,0
80,-0.0228719265351287,-0.00512657405889527,3,0
80,0.194618094679774,-0.160356843547419,1,0
80,1.88537196507446,-0.604852241181161,0,0
80,1.25141521981504,1.04542195758571,2,0
80,0.532983240902947,1.54790942483669,1,0
80,0.134109533318013,-1.49151217083033,1,0
80,-1.17432308747516,-0.196951215907574,0,0
80,1.15439771862455,-0.87839764884166,2,0
80,1.05201210931998,-0.171650175291562,0,0
80,-0.208784030943984,2.0930656549689,3,0
80,-0.335189485311544,-1.18026056586063,2,0
80,-0.506582199666585,0.289276677715723,0,0
80,0.68677294907202,0.463289459120106,0,0
80,-0.0803145327506622,0.123075323931554,1,0
80,-0.857639808495061,0.544796092357912,0,0
80,0.0361243204971013,0.560837461078221,0,0
80,0.496529040835241,0.19877190750435,2,0
80,0.55043073256193,0.848875294972153,2,0
80,0.600599765163007,1.5338854711515,0,0
80,-1.16335202301322,-0.581530844757137,1,0
80,-1.3776593658071,0.587453755739422,1,0
80,0.125955691284612,-0.506423666514148,1,0
80,0.0209616452353327,-0.718048518658442,3,0
80,-0.416070981886122,-0.992063622629377,1,0
80,0.264289955795243,-0.358194347345419,1,0
80,-1.16262841175344,0.17605172319877,1,0
80,0.280112831591644,-0.430952505318977,1,0
80,1.89119671179594,-0.280745224881661,2,0
80,0.139679688116616,0.66709923686672,1,0
80,-0.250467610413558,1.14484054402299,0,0
80,-1.93254817749144,-0.546350316117248,0,0
80,-0.270508042481715,-0.999201236150028,0,0
80,1.36846324151055,0.473949507371629,2,0
80,-0.660322766317694,0.268586652395916,2,0
80,-0.850103044287045,0.930177716167167,1,0
80,0.967930940241395,1.04124468137473,1,0
80,-0.266545479214857,0.574824124602133,2,0
80,0.343639338491543,0.640414356862078,0,0
80,-0.495151274786396,1.58703618703095,3,0
80,0.423904203796796,-0.741687016006379,0,0
80,-0.691551343380755,-0.825521197309604,1,0
80,-1.34939132634736,-0.638239035996466,0,0
80,0.0541131808494662,0.779687766088929,1,0
80,0.284768168582135,0.568905546319409,0,0
81,-1.78673651330839,-0.394897031607724,1,1
81,-0.834240891100438,-1.63463843813363,1,1
81,0.0285821854952896,0.251340602568113,7,1
81,0.419013752818972,0.0598146175757264,3,1
81,1.56252028302906,0.932677076290542,9,1
81,-0.185841435502906,0.149634642430538,2,1
81,1.67703135715732,-0.0173707156014282,3,1
81,-1.1201493431829,-2.30996216552265,2,1
81,1.44692689784376,-0.730513387401622,1,1
81,-0.967599347925673,0.398975813525411,3,1
81,-0.294143820665917,0.348501355013673,6,1
81,1.04740393182188,0.927833775330911,4,1
81,-0.291926336473255,-0.689356784236896,2,1
81,-0.395271409216763,-0.381161107787225,4,1
81,0.745624798757831,-3.29088183197744,1,1
81,0.510613310300812,0.441568022049765,5,1
81,0.156604228469935,-0.268756535808094,1,1
81,-0.60255058411339,0.4601318343029,2,1
81,-1.81097564028164,0.402146006994732,3,1
81,0.623432720830164,0.0401685744665712,3,1
81,-0.507156388571612,0.513947065408524,5,1
81,-0.669908375748451,0.211869435470345,2,1
81,-0.104818624487977,1.65158309317195,5,1
81,-0.222230892904234,0.251785107660742,2,1
81,-0.541618151204708,1.42419280461404,4,1
81,0.65243007354937,1.67794614999519,4,1
81,-0.426095353940155,0.346527631166149,4,1
81,0.429736312474319,0.319687184218464,2,1
81,-0.865568621772544,0.71745365661412,2,1
81,0.577971536057024,-0.372992275144806,2,1
81,0.988017383529729,-0.8455715666627,3,1
81,0.292911297659631,0.811920220363177,4,1
81,-1.36081836475468,1.11574703163875,2,1
81,-0.659446647093345,-0.506941718307436,0,1
81,-0.477670662155492,-0.45413203838856,2,1
81,-0.221207422625846,0.959757047773277,6,1
81,1.28630618960394,1.91977314232138,7,1
81,0.0458373048427342,-1.10583816046836,3,1
81,-0.525044892258041,-0.334941334534967,2,1
81,-2.14105229455952,0.864906234796287,2,1
81,0.449760825615407,-0.743011392095112,2,1
81,-0.459944673162929,-0.0679138430979692,4,1
81,1.52544292076369,0.935325581772049,7,1
81,1.54259195809625,-1.19077690098136,3,1
81,0.534810149064552,-1.30570428234915,2,1
81,-1.1634745481454,-0.393530506915197,1,1
81,1.79894971183026,-0.47013178498807,3,1
81,1.17966461669858,-0.388879376883239,6,1
81,0.206818475300533,2.22220637676133,4,1
81,0.464254195375914,0.640911895393992,2,1
81,0.644230108607317,-1.1082434041941,1,1
81,1.01854395630107,0.502282461367206,3,1
81,2.11253932078929,-0.678598092827114,9,1
81,0.492574694912289,0.024549580063612,4,1
81,-0.368955463683198,0.852735816965245,3,1
81,0.115156541941537,-0.339738908351652,3,1
81,-0.517873793520863,-2.24333607041427,1,1
81,-0.905118433046027,-1.66109571581032,1,1
81,-0.389749941741275,1.10293203426276,5,1
81,0.849220369193572,-0.356318427415407,1,1
81,0.76038967401635,0.580124254146956,3,1
81,0.0381274257015073,0.340644903722259,4,1
81,-0.150986958126091,0.411866009769063,3,1
81,0.201824925204566,0.148807061552665,4,1
81,0.912666311922421,0.0646070408539006,2,1
81,-1.18859468881934,-0.252443984497925,4,1
81,0.40873593317253,-0.378387399859031,3,1
81,-0.361601447197615,0.337426615925418,4,1
81,-0.101361622941669,-0.890383411797894,2,1
81,-0.557331696825926,0.980042907834221,4,1
81,1.19725330751435,-0.0336071676071252,6,1
81,-0.254094385939457,0.402919452937247,2,1
81,0.838523729714864,0.106260180463842,1,1
81,1.83404688815944,0.750516873086269,5,1
81,0.302115943176729,-0.126440496803897,3,1
81,0.873431483233946,-1.8434062916951,2,1
81,1.0766330485489,0.304973539576415,3,1
81,-0.265156929428849,-1.36344894751841,1,1
81,0.76252417439014,-0.390784135758732,2,1
81,0.631712724175017,-0.501936459629152,4,1
81,0.702542916173896,1.27900729966147,4,1
81,-0.491434053993541,-0.737533540107238,3,1
81,1.50734161062519,-1.06467081976958,1,1
81,0.0780313110250084,-0.695001136581139,4,1
81,0.572800136474366,1.24197626662607,2,1
81,-0.855824432763011,0.0350899474055579,3,1
81,-0.564439729469518,-1.23000175479064,0,1
81,0.711030568688385,-2.05496603417098,2,1
81,-0.326983848271794,-1.10591506403921,1,1
81,-1.59364840313712,-0.0180337604548294,1,1
81,-2.48166073367187,-0.740893768272018,0,1
81,0.678552825958246,0.803030514409952,1,1
82,0.635274338893787,-2.17007524045634,2,1
82,-0.354039945051065,1.05073204613289,3,1
82,-1.18061895709179,0.317048191087818,1,1
82,-0.0567652567762637,-0.734118197509877,4,1
82,1.09974231231795,-0.828517136461409,4,1
82,0.24544791497733,-0.0307390400061393,1,1
82,0.173958325280554,-1.63616485134766,2,1
82,0.343829524422438,1.01632195870306,1,1
82,-3.0058406385433,-0.779857374213429,3,1
82,-0.390167085507947,0.184746263401717,1,1
82,1.7314250883988,-0.254322354216518,1,1
82,-0.833434845177464,-0.324829029165021,3,1
82,-0.600603085928255,0.984991186956002,1,1
82,0.267847369940569,1.14843086501057,3,1
82,0.70506945379068,1.86892045774808,5,1
82,1.13283635164238,1.93605336201042,4,1
82,1.28933286472721,1.74930319725383,8,1
82,0.883160983502336,0.813678033391542,2,1
82,0.0929028074954154,-0.456298154216902,4,1
82,0.475587026705584,-0.160948394134033,3,1
82,-0.0901971922730386,0.155068821976718,2,1
82,0.257080326889482,-0.787542299954382,1,1
82,-0.852958422338307,-0.551701210056492,2,1
82,0.432422284417232,1.18367656363634,2,1
82,1.43651069363652,0.685392396415987,4,1
82,-0.180301892942192,-0.785742049509969,1,1
82,-0.648692645112638,-1.11093587898383,3,1
82,-0.0630279954553717,-1.84460294815724,1,1
82,0.785087397302594,-1.50643831242057,3,1
82,0.658214353159672,-1.47399026534932,3,1
82,1.08967023499753,-1.22727201848207,5,1
82,0.14418040033547,0.0418470436828354,3,1
82,-0.672800344490414,-0.295152273944524,5,1
82,-1.32453101622808,1.54435076469999,6,1
82,-0.763611620508142,1.18045335841639,5,1
82,2.18500096068214,-0.94588872455622,4,1
82,-1.53643105749764,-0.188204130177152,2,1
82,0.0594201618709917,0.566682368543731,4,1
82,-0.229567265643783,-1.06023747454926,2,1
82,-0.199051146563791,0.136478187031397,4,1
82,-0.29523859851934,1.20403984277135,2,1
82,0.137897380115739,0.203499136925019,4,1
82,0.94855805211225,0.751626048571974,6,1
82,-1.05048534847127,-1.02104521669053,2,1
82,1.82620610384114,1.58287023041652,7,1
82,-0.623385022873773,-1.47283211565987,1,1
82,0.468327004977535,0.174174768946341,3,1
82,0.942489901583389,1.39817853836922,3,1
82,-0.0257558247755207,1.41862067028874,3,1
82,0.503629254530769,-0.0868269806457496,5,1
82,-1.63832754163411,-0.61259218844715,1,1
82,-0.561637998850134,0.032398945696855,2,1
82,1.25839600949237,-0.714679131168049,3,1
82,0.658671186946391,-0.78289699295691,3,1
82,-0.183563525912837,-0.00940118208381584,3,1
82,0.697856790562914,-1.01499271080653,1,1
82,-0.0623445099967996,-1.06673575162345,5,1
82,1.62517328046257,1.50310523535191,8,1
82,0.267495390682668,1.54331034729498,8,1
82,-2.59140261339498,0.772763053162692,0,1
82,0.430978358608688,1.58539608305,6,1
82,0.130962867124214,-1.10998577047027,1,1
82,-0.609380078695413,-1.13982369482337,3,1
82,-1.64110486524323,-0.380244380977684,3,1
82,1.30294390646865,1.83477106450141,7,1
82,0.296774129109052,1.57092667492928,2,1
82,-1.6517498495308,0.00747353316493286,5,1
82,-1.12842675186572,0.49402328996226,2,1
82,-0.330076799369789,0.0587624342137751,4,1
82,0.0244294432601565,-0.64899345893023,2,1
82,-0.766267731980632,-0.780601332541538,7,1
82,-0.321286419211216,-0.406592281413956,5,1
82,1.05486680221358,0.0713352633317188,2,1
82,0.284124094072493,0.0380322044531198,2,1
82,-0.314717275375847,0.730030968859886,3,1
82,-0.612924204508218,-0.0795518936518359,2,1
82,0.0211288099318352,-1.02250808134764,4,1
82,1.84037798634281,0.264462526301607,8,1
82,-0.763027753068074,2.48083186210445,4,1
82,0.324859651718853,0.845953080855643,6,1
82,-0.0306191806173412,-1.40879916744898,1,1
82,-1.42003875488181,-0.891789291771057,1,1
82,-0.183312766248007,-1.25850414190364,5,1
82,-0.333620951550293,-0.0345051793265064,4,1
82,0.381706812488695,-0.198526393093185,2,1
82,0.429873574310629,-1.64941085481486,3,1
82,-0.380430615763781,-1.77514948395382,2,1
82,0.352243943658165,-0.0289903039605106,4,1
82,-1.20145383354011,0.285292503229719,3,1
82,-1.66537118393042,-0.381193115437679,2,1
82,0.68039968193717,2.22040313589653,4,1
82,0.14207270826056,2.21560558893977,4,1
82,1.44852936532742,0.676977245190271,0,1
82,-0.527878954587344,0.0978501931867555,3,1
82,0.353044479660311,0.100149552581834,0,1
82,-0.570533937610422,-1.201733781712,0,1
83,-0.573821403313869,-0.372530949273629,2,1
83,2.04359649564396,0.117724548167962,3,1
83,-1.60137764062428,2.11637621531181,2,1
83,-1.62377597302686,0.386517072189939,2,1
83,-0.17700142184471,0.041632941965442,0,1
83,-1.07609788223911,-0.682325925735392,2,1
83,-0.138564608949951,-1.10631531435639,0,1
83,0.584144777622833,-2.827481042272,1,1
83,-0.149478212398957,1.47931471735459,8,1
83,-1.08051444250059,0.884556119217322,0,1
83,-0.413688623641006,-0.0211258903672578,2,1
83,1.52880076900548,1.32052040914341,5,1
83,-0.247237120880341,0.664311277551291,7,1
83,0.832002767851914,-1.21766621633906,9,1
83,0.518219100489917,0.941344922027308,4,1
83,0.0788497519731422,0.0879905854675654,2,1
83,-0.458439349332567,1.30802306441186,3,1
83,1.36515412419694,0.978328417985963,3,1
83,0.795114604855413,0.712859881419151,5,1
83,-1.01206765399854,-1.0937672147055,2,1
83,-0.696153760424923,-0.568305858889995,4,1
83,2.78015342971988,1.29381366430252,9,1
83,0.983323604521607,-0.167494825533833,4,1
83,-1.52771594320666,0.292876864142809,1,1
83,-0.245960674808199,-0.419257148503286,3,1
83,0.459011437264066,-0.621638279498432,3,1
83,0.664039275542657,0.584873534898282,1,1
83,-0.136395994805175,-1.27906763027077,2,1
83,-0.904758585441689,-1.83803586543547,2,1
83,-1.37752078272015,-0.815636726590573,3,1
83,0.341858112904014,-1.16435663763861,2,1
83,1.27097502626002,0.382140789420715,6,1
83,0.182400868855828,1.73332204848864,7,1
83,0.216032948247317,1.24473255461199,4,1
83,-0.134841056653379,0.533541734307292,2,1
83,-0.440076578676778,0.756972265971879,0,1
83,-0.745589759036962,-0.155107266369797,3,1
83,0.983783850161359,1.03696866729323,4,1
83,0.369609847608436,0.503964482346479,5,1
83,-1.07398398997698,0.131319314928165,2,1
83,-1.07803228523232,-0.795726478040923,0,1
83,-0.426543731877093,-1.11470551223526,2,1
83,-0.0655476585753278,-0.0387480008933047,0,1
83,-0.172395708649097,-0.215613167486969,5,1
83,1.13017539643638,2.02239543621824,9,1
83,-0.117247024098184,-0.865769937806325,3,1
83,-0.943726970499997,-0.806157579239381,0,1
83,-0.932716754572214,0.127860154931136,1,1
83,1.12199173061049,1.00088511298833,7,1
83,0.204712471022272,-0.015927004489742,1,1
83,0.255949832868682,0.674376798186028,3,1
83,-0.554592663184456,-0.937913040444325,1,1
83,0.964924709824249,-1.21431534506706,2,1
83,-0.376189395419694,-1.47467012611189,3,1
83,1.5346712307203,-0.723345845604823,4,1
83,-0.440992706015012,0.0139845710940246,1,1
83,0.54512626608437,-0.337370876262321,2,1
83,-0.263296997642546,1.05737600918344,4,1
83,0.698756650287273,1.07981819782591,5,1
83,-0.634880690748528,-0.102935551481834,1,1
83,-0.746981455698772,0.693060952892462,4,1
83,-0.366236268702036,-0.768207203200991,2,1
83,2.8172970745736,1.70767993301576,4,1
83,0.90262694980258,-0.717475833060395,3,1
83,-1.44574962125199,-0.496799521501963,0,1
83,-0.172517476232506,-0.0282012294493841,1,1
83,-0.12193003251069,-0.14087248670727,1,1
83,0.50923184850321,-1.27519703648113,0,1
83,1.04125634803456,-2.12759695637266,2,1
83,-0.0835873755405277,-0.263449694793669,5,1
83,0.0722113785463899,-0.152568724113106,1,1
83,-0.822615223663734,-0.167232983541576,1,1
83,0.693588909792249,-0.341318218890592,4,1
83,-0.151115392623113,-1.01424678935373,2,1
83,1.41807181654164,0.327574037455446,5,1
83,-0.742402259751725,-1.50219643754427,4,1
83,0.398913258818793,0.638085763888524,5,1
83,1.62511724564999,0.397042970002411,2,1
83,1.90570865474182,-0.9635410283517,2,1
83,-1.22346829548852,-2.02252688928149,1,1
83,0.205139504714778,1.7282993460968,4,1
83,1.77341192978625,-1.02069654390317,7,1
83,0.847738242222785,-0.467718297794696,4,1
83,-0.610150358897151,-1.11142576443605,5,1
83,-1.1001988935822,2.99478546217932,3,1
83,-0.939832623487612,-1.72595683637715,0,1
83,1.6651400362886,-0.315338502231206,5,1
83,0.914525023045671,-0.419265627319937,3,1
83,0.265627567194823,-0.200931018160213,2,1
83,0.016800357609255,0.0917347662979859,5,1
83,-0.101799987316823,-0.205047831246158,1,1
83,-0.969848312951274,-0.927828526631256,0,1
84,1.77834719598394,0.743842482113597,5,1
84,-1.29420028571094,0.179871192877906,4,1
84,0.278082066585605,1.7955478436928,2,1
84,0.496914809839681,-1.33595028124492,2,1
84,0.789799553928284,-0.116326479282652,4,1
84,0.194099082799188,-1.46239711183553,4,1
84,-1.16469854970516,0.623080893632787,3,1
84,-0.115494633892738,-2.11677944851749,1,1
84,1.30732962791541,0.670443067554235,1,1
84,1.65167692712158,0.11224753827981,2,1
84,0.103311768187588,0.932596950355099,5,1
84,0.0462512810994466,-1.04953422545551,1,1
84,0.147446399348962,-0.402703483427203,3,1
84,2.08987251903039,0.946599668660519,7,1
84,0.390456490639442,-0.192218685790722,0,1
84,-0.759686168589413,-0.428678562432906,5,1
84,-1.71483668941219,-0.224518323090247,2,1
84,0.196349432229055,-2.12213259309409,0,1
84,-0.553527057236393,-1.31429122317608,2,1
84,0.199092944905588,-1.179596896696,0,1
84,-0.021757991947277,0.1484887438578,1,1
84,0.00349376660339325,0.829835811809957,0,1
84,1.14563819250227,-0.498138941927184,3,1
84,1.17777527015924,0.414074965994738,3,1
84,1.16815190431631,-0.157802056286742,7,1
84,0.576625407486483,-0.322976165036749,2,1
84,0.225960548331748,0.604635674674697,4,1
84,0.0221136906848584,0.864594331790566,4,1
84,0.937807440918347,-0.428716159239454,0,1
84,-0.497281663627635,-0.337840917155267,5,1
84,-0.0377806855310759,0.110416910375285,3,1
84,-1.17108413242426,0.382051757262174,2,1
84,0.33552337376468,1.02823560760157,6,1
84,-1.57389218494638,-0.108896627111388,3,1
84,0.269391715081564,0.398489199777518,5,1
84,2.19109004841966,0.977551868002004,1,1
84,1.89834408697864,-0.771983838717308,6,1
84,-0.280628017823136,-0.664289736836255,3,1
84,0.572192871400428,0.578904994008644,5,1
84,-1.42618640784108,0.5532859890333,3,1
84,-0.390014622607164,-0.0884375082373672,1,1
84,-1.19593162731052,0.284694404094616,3,1
84,0.159814212940682,0.700900951059537,2,1
84,-0.635386554728046,0.198910106965858,2,1
84,1.82795951251822,-0.0595082599488754,6,1
84,0.528717566906478,-1.49617156107367,1,1
84,-0.230390189033468,1.00696002557348,5,1
84,0.656728465242954,0.45343271748794,4,1
84,0.679579241494522,0.664032048337112,2,1
84,0.446875426436009,-0.181274070709452,2,1
84,-1.52171923648821,1.72405400832447,1,1
84,-2.09238479291693,0.252089439951132,5,1
84,-1.1817071913567,0.300595695945701,2,1
84,-1.89842661974507,0.93610349026363,4,1
84,-0.0818040674387908,-0.00693198889976494,0,1
84,-0.557594946644412,-0.0891621778644366,1,1
84,-1.26713006961839,-0.324924805629303,0,1
84,-0.046611367177528,0.397934776573391,2,1
84,1.43460292452413,0.426754922151357,3,1
84,-0.425781769389354,-0.816755684959306,6,1
84,0.144340850421941,1.49751406986106,2,1
84,-0.625756356090005,-0.311104623999158,6,1
84,-1.1956318443811,-1.04092761399244,3,1
84,0.525209822064316,1.22525474113572,3,1
84,-1.40201882983822,1.0814022054512,4,1
84,-0.707870011582639,-0.343233364924593,0,1
84,0.746789529727911,0.720279353852613,3,1
84,-0.243449152189852,-0.944636439347552,1,1
84,0.116656992843572,-0.425274386880545,4,1
84,0.272389621760052,1.42939750653826,4,1
84,-0.69115142715763,-1.0339544250598,1,1
84,-0.0608842336556448,0.232757175498731,2,1
84,1.67541598743514,0.692822993842745,5,1
84,-0.30181969135784,-0.602744924145135,4,1
84,-0.407427425716637,0.616555165879386,5,1
84,0.0868579899426192,1.34699263406726,3,1
84,-1.0225484387472,-0.0339633128771229,2,1
84,-0.626441063071341,-0.798980497500596,1,1
84,-0.177979915944363,-1.03639139662244,2,1
84,-2.42240073993403,-0.930867279087389,3,1
84,0.261606896264181,-0.984891119595466,1,1
84,-0.0829395258936492,-0.0535934527098379,3,1
84,-0.205933495441592,0.508001335180588,4,1
84,-0.357972073156882,0.208980636593637,3,1
84,-0.491358533492012,0.456113608322376,2,1
84,-2.06868534763245,0.857665336306493,2,1
84,1.8585750745229,-0.363186244414069,6,1
84,-0.46805415041246,-0.148470552705287,2,1
84,0.159201409702529,-1.18598314546445,2,1
84,0.66077792920274,-1.56241711934968,1,1
84,0.822700746368042,1.48637022945972,5,1
84,0.619009238539215,-0.219942327087828,3,1
84,2.27719083056505,1.13190028491063,5,1
84,-0.457475943599686,-0.156394536504721,1,1
84,0.032173606621699,0.49250263796724,4,1
84,1.23532620591671,1.61693019693877,5,1
85,0.394096817959015,0.756411338742144,3,1
85,0.263749656350284,-0.437922321609809,4,1
85,0.675415406639813,-0.0145921788047213,4,1
85,-1.13073616413829,-0.355751292940113,2,1
85,-0.0200457896421476,-0.578459513332222,2,1
85,-0.0311003781632618,0.423562802899816,0,1
85,1.11918792706167,-2.12934973048968,2,1
85,-0.222477993167653,0.397515138830755,5,1
85,-0.880963879297842,-0.611625507847319,4,1
85,-0.691495654297502,-0.779454761577695,2,1
85,0.131261471074942,1.99528030676204,6,1
85,2.35725695510347,1.10796510869913,6,1
85,-1.50378611715492,2.67664887584197,3,1
85,0.878911477030407,0.51674428181217,1,1
85,1.26958540105013,-0.283028668326648,4,1
85,-0.210406569530298,-0.434179518503787,2,1
85,-0.13028891585129,-0.124435330324918,4,1
85,-0.65550370850907,0.680264148813034,2,1
85,0.767922234717053,-0.0713004630810005,4,1
85,-0.105530499151528,0.186960844467834,1,1
85,-1.14494002737572,1.08356677917763,2,1
85,-0.246619273258489,1.29726273126545,3,1
85,-1.07985049539522,-0.556702430533125,4,1
85,0.404424697868169,0.0754839258998016,1,1
85,-0.408847363999906,0.507064047710521,0,1
85,0.423760430846555,-1.35680516525572,7,1
85,0.891647319486892,-0.439396922250002,4,1
85,-0.220047198195702,0.527289342179243,3,1
85,0.673363087365568,-0.531860418756062,1,1
85,-0.0492260198416767,-0.418121101136768,3,1
85,0.948978048322355,-0.595087252387833,3,1
85,-2.15127902366362,-1.28273467884926,3,1
85,1.44981342728475,0.825310583778571,5,1
85,-1.23835505010622,-1.03745247015997,1,1
85,-0.749195614119012,0.760301137608541,7,1
85,-1.64905468670277,-0.790891137329885,0,1
85,1.47654465522402,-0.853672861445894,4,1
85,-0.805094696856533,0.92065909220318,2,1
85,-1.13239416434024,-1.65343698009159,0,1
85,-0.150506613733069,1.68243283561573,4,1
85,0.109412817897663,1.37991755173996,0,1
85,2.18431850695604,0.113547077678195,2,1
85,-0.444998937682464,0.680993571006924,3,1
85,-0.359715157062156,-0.570018379680142,0,1
85,0.92032345378824,1.95264553089262,2,1
85,-0.667613211896163,-0.942306488914906,1,1
85,0.640606874658899,0.722682240750247,3,1
85,0.169001135991637,0.579839242618176,7,1
85,-0.00922435595756262,-1.0340611748399,4,1
85,1.56438611623986,0.736428420456627,7,1
85,1.60377788305683,-0.667129711227115,5,1
85,-0.0174748824834863,-1.23376112406578,2,1
85,-0.319063194471502,-1.06205633217862,1,1
85,-0.156357598203372,1.5803496717107,3,1
85,-0.0643604401983395,-1.56127258158926,3,1
85,0.112918793637861,-0.344619768171965,3,1
85,1.42110365049015,1.90774007634643,6,1
85,0.148916401176645,0.790422700698277,4,1
85,-0.986489025914779,-0.425031599090266,1,1
85,1.51232587287384,0.209740483756495,8,1
85,0.664793508735918,1.49954656006931,1,1
85,0.680661651985013,-0.925624133622011,2,1
85,0.72461052746301,-2.89526109570276,5,1
85,-1.48351534624742,-0.510188688619043,2,1
85,-0.584545694734714,-0.0731290010149183,3,1
85,-0.764231152802968,-0.0650267992941549,4,1
85,-0.221896004090019,0.382260664847666,3,1
85,0.758908234234251,-0.0621280440793,1,1
85,-0.780937124668208,-0.575558631670422,2,1
85,-0.812339773056498,-0.67882652290572,0,1
85,-1.00355948216858,-0.774650970221837,2,1
85,0.0654521710106346,-0.300735620031866,2,1
85,-1.01321743226462,-0.101688948250776,2,1
85,-1.06833452636558,-0.824543772864128,3,1
85,-0.163653561814953,-0.243521443818417,4,1
85,-0.141530982647783,-1.45754576714181,5,1
85,-1.86371805881813,0.0290823920429584,3,1
85,-0.285522270352732,-0.403499879785615,4,1
85,0.131473835422209,2.41606976103713,6,1
85,1.25510538908963,-0.980429526725254,3,1
85,-1.16104334836027,-0.101740788309141,1,1
85,1.14613760157879,0.747288397300421,4,1
85,0.102345751533911,-0.951165187022395,4,1
85,0.670184764577719,-1.18979531240174,0,1
85,1.01630757824313,0.515430575449867,6,1
85,-1.45347607982949,0.542646542271192,5,1
85,2.67571320289358,0.306779761050634,3,1
85,0.427578233948349,-0.808182636119078,0,1
85,1.51541498098622,0.866926083466901,6,1
85,-0.854098227998344,-0.85135181196851,2,1
85,1.38552811436761,-0.560693257928418,3,1
85,0.999766477281416,1.39360545840093,8,1
85,0.0568517580884705,-0.115594197625784,0,1
85,-1.49029778775438,-0.585928624702672,2,1
85,0.0914818091185906,-1.84323125130112,1,1
85,0.717650133809345,-0.843473754280559,2,1
85,-0.838766199064278,0.699203044678158,0,1
85,-0.810658194345264,2.05842902910557,4,1
85,0.196133339428354,1.54460620229994,7,1
85,0.0268891178153522,0.654947292958776,4,1
86,-0.161609776294684,-0.0655208107297284,3,1
86,-1.27233226842713,-0.437879533455668,3,1
86,-1.79309251185245,-0.0410984733815705,3,1
86,-0.376767157241316,-1.79054221621129,0,1
86,0.313008520754631,-1.0852625627282,2,1
86,-1.38085113249044,1.48380956477493,1,1
86,-1.96575864843838,0.538806734390733,1,1
86,0.591866415436717,-0.214400867896018,3,1
86,1.00092060277591,0.0664300809504429,6,1
86,-0.495683487090887,-0.975490982545131,2,1
86,-2.15252612780738,1.05274655811209,4,1
86,1.06360228729002,0.672941450668346,2,1
86,1.18253438609597,0.385897250253325,3,1
86,-0.148677953078936,2.02767881208781,5,1
86,0.589833113774127,0.284948984658679,9,1
86,0.302961751651431,-0.277198597997031,4,1
86,2.13766564557887,-0.0198441147766464,4,1
86,1.58597153780519,0.155437203339019,4,1
86,1.38542406384012,-0.735364094022435,5,1
86,0.588341794020893,-0.431466888398357,2,1
86,-1.30101896120226,-1.26930497029991,1,1
86,0.0190608925438068,0.107110596866772,2,1
86,-1.61123417003651,-1.44812393979019,3,1
86,-0.395896642863843,-0.0313975192352251,2,1
86,1.50976612487195,0.102290576916945,4,1
86,0.148879703779511,-0.921523501959904,4,1
86,-1.65778197128113,0.594518061230677,2,1
86,-0.0299431637746959,1.24729137742613,3,1
86,-1.25276199109342,-0.964604219924841,1,1
86,-0.51749140749121,-1.0318286644145,0,1
86,0.325431693645027,-0.753188261937652,1,1
86,-0.391075824529318,-1.8156248187389,3,1
86,-0.298238457784258,-1.13300467328022,0,1
86,0.801329474989055,-0.250908610225958,5,1
86,-0.444857483225984,-0.605474234215918,2,1
86,1.62561940950772,1.0147659402327,3,1
86,0.646107512489143,-0.469481895153527,2,1
86,0.73666108367057,-0.648856256740018,3,1
86,0.347789676718744,-1.18294124691732,3,1
86,1.31507008803773,-1.75958138771257,2,1
86,0.888838924110932,0.140289532732375,5,1
86,0.939717239104592,-0.0109982054723515,1,1
86,0.246426213375424,1.35703790749042,6,1
86,1.29820136813963,0.256584107411243,4,1
86,0.569867446556863,-0.896536447507804,1,1
86,-0.355169590342096,-1.04939619461407,0,1
86,0.813270532561064,0.349894525900225,1,1
86,-0.0914371654452981,1.16408458405626,4,1
86,-0.250416509063293,-0.0820453322196728,3,1
86,1.20982576643367,-1.37838755024343,4,1
86,-0.710129685997699,-1.97736360447377,3,1
86,-0.336268333691506,0.927614202832159,1,1
86,0.211117134940283,1.23235487400537,6,1
86,0.219359538365431,3.2308052168066,11,1
86,0.219722640226584,1.85945974659306,2,1
86,-1.82554015760848,-0.126195585783063,3,1
86,1.62649465314406,1.66592878942952,4,1
86,-0.0711424975171545,-0.527509743045412,1,1
86,0.881012726569517,0.15051361064702,3,1
86,-0.233256910802633,1.12816018102746,0,1
86,1.41614771995956,0.195040268927118,4,1
86,-0.300059393300472,0.226493577029839,1,1
86,1.0410874694373,-1.64695765496743,4,1
86,-0.889109322603092,2.50196405784362,5,1
86,2.16244322561514,0.486148205201835,4,1
86,0.272098174694089,-0.966936729799953,4,1
86,1.39482249476362,1.07002967098901,8,1
86,-0.406408018039158,0.0814608684500314,2,1
86,-0.453771162247521,-0.153836128114323,1,1
86,1.78254415327449,-0.339661591039521,5,1
86,1.72044209972044,-1.43337899951074,2,1
86,0.359979136462257,-0.193463585597473,2,1
86,-0.763443563217531,-1.85819407758828,3,1
86,-1.11008850942803,0.0917959260534986,2,1
86,0.278258883378283,-0.262411311196164,3,1
86,-0.83715529766357,0.400955237156987,1,1
86,2.49863731678181,-0.624596614751999,4,1
86,-1.08767149172357,0.177436550384581,3,1
86,0.146413420424502,0.931909445085325,2,1
86,-0.391492454220146,-0.69979782281952,3,1
86,-0.265472177908867,0.969199724536841,5,1
86,1.63962880700313,1.07178092876339,5,1
86,0.811457814311617,-0.0201011275954112,4,1
86,0.464273254042375,-0.147254076921673,0,1
86,0.682358564040562,0.542284838846847,4,1
86,-0.733078543509201,-0.792689585693628,3,1
86,-1.53436782354826,-0.260992691616613,2,1
86,-0.876839807494783,0.720290143670934,1,1
86,-1.24050498896741,0.199081594424605,2,1
86,-0.670454272323507,-0.242947409162629,3,1
86,0.103079863701335,0.111533711715519,1,1
86,-0.327185125641554,1.87286580418703,5,1
86,-1.68554300175318,-1.79863431192673,1,1
86,-0.155116859674333,0.378975547303502,1,1
86,0.747837686423988,1.21363537707389,8,1
86,1.25559410762275,0.224779101227161,0,1
86,0.423673333428832,1.67905000962964,3,1
86,-0.462616836668592,-0.436581950678058,2,1
87,-1.41534409828133,0.391942991266812,2,1
87,1.32100595653914,-0.7138097239808,2,1
87,1.1412588154696,0.341086811314738,2,1
87,0.0658746374078908,1.24232895338119,6,1
87,1.55010131772773,-0.740181205864245,0,1
87,-0.0591721264038938,-0.411059777065668,3,1
87,-1.84769808931682,-1.08525731495392,0,1
87,-1.06374187490262,0.355652053051612,5,1
87,0.859825760502789,1.38241261426022,3,1
87,0.387151080303257,-0.304754728213459,1,1
87,1.15874985660873,0.403535628111286,0,1
87,-0.583087082401363,-1.6336497066034,1,1
87,-0.33001369195989,0.147996739123741,1,1
87,-0.270629059020424,-0.076376967006919,3,1
87,-1.09213438984007,-0.452747564283916,2,1
87,-0.850562258199789,0.403657424068496,2,1
87,1.84945035758364,0.266834247696765,5,1
87,-0.593082736885713,0.288693598769917,2,1
87,-1.41837224157083,1.24478573533508,2,1
87,-0.884380775448379,-1.34833965542743,2,1
87,-0.00651413830967489,0.795951893076264,3,1
87,-0.230890122127878,-1.12918864569332,3,1
87,-0.231906305377301,-0.480121472528996,3,1
87,0.908144780047673,-1.06789886147386,3,1
87,-0.977733196498042,-0.968886816786169,4,1
87,-0.550425550364027,-1.31177311762408,1,1
87,-0.580090443097907,-1.68619477025874,1,1
87,-0.00619444794070994,-0.514865049871101,3,1
87,-1.38570667008468,0.859289785512362,5,1
87,-0.0905310029056003,-1.32071954767797,3,1
87,0.0134208827509729,0.408146261981403,2,1
87,-1.57569314875107,-0.750570308401611,1,1
87,0.880144252396005,1.15657816646608,3,1
87,-0.624789056120559,-0.346575536292476,2,1
87,1.69401174658587,-0.467625200230803,4,1
87,0.635834875650345,-0.637574746685769,3,1
87,-0.804982380715941,-0.0369948851912534,4,1
87,1.09892100110328,0.0292117603882916,3,1
87,1.05385948864888,1.12807343262997,7,1
87,-0.773184376885899,-1.63455009224459,2,1
87,-0.0112977370785262,0.311443592662821,2,1
87,-1.26383790516289,-2.00866732897548,0,1
87,1.6719531689217,1.51724317755053,5,1
87,-0.467106744393708,-1.06798371996478,5,1
87,-1.51842751348786,-0.236968781211216,1,1
87,0.274622948473442,-0.873603667362009,5,1
87,0.763968969288698,-0.746845305164336,2,1
87,-0.499384687565672,1.46127647938496,5,1
87,0.957931563960504,0.277601904013589,4,1
87,2.21767739815277,-0.454099598429358,2,1
87,-0.240827696611962,0.912637970423066,3,1
87,-0.801430319837333,-1.1233867468204,1,1
87,1.252664819365,0.735992425434949,4,1
87,3.42191137181526,1.98369986515941,0,1
87,-0.097764009976354,-0.861487552122886,2,1
87,1.52344984898198,0.710391178081677,5,1
87,-0.481873987459366,0.757625087511773,2,1
87,-0.584793653105438,1.88289386242188,3,1
87,0.225071401728746,0.436780011219355,3,1
87,-0.165667943846818,0.514297024543411,2,1
87,-0.772563006662342,-0.626781177710182,1,1
87,0.105449983987187,-1.29625312183725,1,1
87,-1.27012340459529,-0.474879112005506,2,1
87,-0.575739455139868,0.358107036787411,3,1
87,-0.349150217100045,0.914095237313595,0,1
87,-0.127671069688394,1.02668126195969,5,1
87,-1.05078099855267,-1.25249023871774,1,1
87,0.276474107335558,-0.118408377300235,1,1
87,0.879373054672913,0.0789551889155043,4,1
87,-0.371596217220711,0.120472212085301,2,1
87,2.33184158045252,1.05096617598002,5,1
87,1.21295349803415,-1.1571102624196,5,1
87,0.662369171298733,2.17822066453529,2,1
87,1.22318257091262,-0.908160980436042,2,1
87,-0.688810309678553,-1.36186030213542,0,1
87,-2.00950893616066,-0.301205281318434,0,1
87,-1.20237284927269,-1.42653199412575,1,1
87,-0.66518854672443,0.634756204898482,0,1
87,1.82946586440684,0.821365333817725,3,1
87,-1.59657927753055,0.845617347630948,1,1
87,-1.19594475547241,0.77037276160547,5,1
87,-0.0941029455618233,-0.764717020971507,1,1
87,-1.01754144842097,-0.775042899668364,2,1
87,-0.985379471721001,1.56586550267725,1,1
87,-1.4042341529201,0.202471514917604,3,1
87,0.725756820667809,1.62273523952478,6,1
87,0.811181847913246,-0.400197886490228,2,1
87,-0.53417132453379,-2.03393101583831,3,1
87,-0.294177353578279,-0.873144294049851,2,1
87,-0.600282880176555,1.3512433237681,3,1
87,2.08757943543866,-0.200266559890821,6,1
88,-1.55191588344078,-0.173287180746497,2,1
88,-0.154247988211124,-1.43125039413445,1,1
88,0.262554137253822,-0.705912524179929,1,1
88,0.166312004743259,0.500851116963757,1,1
88,0.924784837030577,-0.956649907855805,3,1
88,0.420521554150911,0.107447758574017,2,1
88,0.197619362560607,0.311406759747802,1,1
88,0.807530206913832,0.236904123020869,1,1
88,-0.0445684952085326,1.10374530148017,3,1
88,-0.438256356142486,1.55331382836026,7,1
88,-0.207358814438248,-0.29386311987827,1,1
88,-0.358779123948113,-0.00709706619457899,6,1
88,-0.877923426049907,-1.3047253691663,2,1
88,-0.646762915964367,0.280004045401348,2,1
88,0.13405152102971,3.1386868937489,4,1
88,0.383083298650846,0.199344707055853,2,1
88,-1.67873599959333,0.403788615021363,5,1
88,-1.42212248000012,0.764808606989543,2,1
88,1.16270031319086,0.170176922901361,4,1
88,2.02985258442725,-0.732926206762061,5,1
88,1.42422097974157,1.43420640084088,3,1
88,0.199210010221351,-0.946136435534627,4,1
88,-0.316858218606157,0.98623649222908,3,1
88,0.651958751791604,1.96132310820557,1,1
88,-0.806780506462591,0.660244395069204,4,1
88,0.201202938648853,1.67588538318302,5,1
88,1.05033951035555,-0.155730726835784,2,1
88,2.19678494595146,1.35960497946371,7,1
88,0.336422984484172,-1.3262563317545,6,1
88,0.858898519509588,1.38718550720804,3,1
88,0.948959101723956,-0.113221480813771,4,1
88,-1.29507248787914,1.70552931876433,2,1
88,-0.44210365487151,-0.231973634138836,1,1
88,-1.88066021786434,-1.27449389542617,2,1
88,-0.456900662786025,-1.20812344405648,4,1
88,-0.523951115965059,-1.78114702006647,0,1
88,0.330336301973328,-0.219411286449033,1,1
88,-0.118893528643884,1.90309118286869,1,1
88,-1.21061472885553,0.733408478268159,0,1
88,-0.572231584797939,1.90793066126212,2,1
88,3.18057428661464,-0.895905375616572,6,1
88,-0.309601165783343,1.12645617307708,2,1
88,1.64147957089163,0.631839672085352,5,1
88,1.03693110837209,1.3608584016866,3,1
88,1.48900094296776,-0.688473503038293,0,1
88,0.143129177424103,-1.88405831078078,4,1
88,0.57935373989052,0.183884073697613,2,1
88,0.505811771749243,-1.31205255477253,4,1
88,-2.02706411254568,-0.0394688103066792,3,1
88,1.36960816495256,0.370276255040448,5,1
88,-0.100450035761024,-0.14314704202052,0,1
88,0.217154741427162,-1.19429038827151,2,1
88,-0.0720750543205384,0.207320784616389,5,1
88,-2.27606507030739,0.0795407101344977,1,1
88,-0.125660403202028,-0.466465570962033,0,1
88,-0.396309704671213,-0.382862609732388,1,1
88,-0.0608484556785615,-1.61814074793423,1,1
88,1.38373925543509,0.152780749198997,3,1
88,-1.64584135716002,0.266084723032949,4,1
88,0.385802403302604,-1.45053394888426,0,1
88,-1.49675101371738,-1.10818712324121,2,1
88,-1.5659547248765,-0.724918572071706,2,1
88,0.942823520906004,0.180401622750207,5,1
88,-0.794779100966435,0.786342360760627,2,1
88,0.516349692983376,-0.533571912974215,2,1
88,0.694073157023567,-0.406729200500771,4,1
88,-0.956722164171975,-0.102973332004564,0,1
88,-2.94022506706666,-1.66407248566859,1,1
88,1.70913757027953,-0.471562486271383,3,1
88,1.23428061385579,2.02167159327814,7,1
88,-0.884741511369621,1.17408127378302,1,1
88,0.202658642586948,1.59082350476033,1,1
88,-0.657642881495557,-0.805365648639756,1,1
88,-1.93340334556138,-1.61242020341272,2,1
88,1.14645330234333,2.27969016695433,5,1
88,0.821067169094858,1.93057751544682,5,1
88,-0.0197544550135386,1.5334265121798,1,1
88,0.756959372671059,0.430538278322726,2,1
88,0.279448902595063,-0.102322481616141,4,1
88,0.30953740349644,0.327384753532234,3,1
88,0.403028555999506,0.0340757925862884,1,1
88,1.91526111417925,-0.486707116290664,3,1
88,0.71605437564098,0.778819033167494,5,1
88,-0.685415661879047,-0.0105244042509961,4,1
88,0.726430560042467,-1.24076306572707,0,1
88,0.334985575968079,-0.231437646812178,1,1
88,-0.0642414729066871,-1.48409245065304,3,1
88,-0.187789960972938,0.939083853487684,3,1
88,-1.13210575763018,-0.620956439594948,4,1
88,-0.174058578783691,0.792576308626384,2,1
88,0.490884275080999,-0.212935664222299,6,1
88,-1.4699994452194,-1.67169479821312,1,1
88,0.487953664874412,-0.520032210168868,4,1
89,-0.199659851074404,-1.09688476364337,7,1
89,1.25603247744329,-0.284963420248678,3,1
89,-0.191483303088467,1.46669964802959,3,1
89,0.129374534896149,-0.980870815474827,2,1
89,0.547590560381668,-1.54422148954337,2,1
89,-0.00913002439074889,0.886921749590007,7,1
89,0.902965848627919,-0.914016913740499,1,1
89,0.0726696060644134,-0.689355517000827,3,1
89,-0.676595566930207,-1.04810069319479,3,1
89,-0.496675158742744,0.482697980877929,3,1
89,0.473148196306138,-0.145472224446388,2,1
89,-0.708002821816874,-0.834872028487118,3,1
89,1.7256405824714,0.274814540191436,4,1
89,1.44224983356989,-0.429444061612443,3,1
89,0.397094090430945,-0.207525442198325,2,1
89,-0.0540056474813692,-0.143353941259581,0,1
89,0.425013504559505,1.71522341035324,7,1
89,2.06597301147623,-1.22695526002139,2,1
89,-0.167422703026393,-0.587457148808705,3,1
89,-0.956747590922003,-0.983534598233479,2,1
89,-0.396525724663958,-0.28688454467972,3,1
89,1.51901234030738,-0.481159087792509,3,1
89,0.0781984365296525,0.356682131963682,4,1
89,-1.44696685902431,0.888293091824577,4,1
89,0.184121753664023,-1.57547398963273,5,1
89,-0.847840797123159,-1.12737886281798,1,1
89,-1.71370668511074,-1.0960005562827,2,1
89,1.56370691891736,3.02989865778448,11,1
89,1.74864775323168,1.43133143858886,5,1
89,0.915813110568082,-0.459737436983003,1,1
89,-0.353733550516928,0.721767264008756,5,1
89,-0.786763891177385,-0.437514683256097,1,1
89,0.134524126283196,0.503564122439616,4,1
89,-2.08745930682921,-0.574978826829553,2,1
89,0.71234029251832,0.107514120475794,3,1
89,-1.70812461698593,-1.18749289576394,2,1
89,0.205402311142203,1.04955835730133,8,1
89,1.51273113170562,1.06578476675784,3,1
89,0.225257674257347,-1.19244068317055,0,1
89,0.520629142717303,0.306682194038536,1,1
89,-0.440082649504288,-0.393407186701265,1,1
89,-0.158759169357471,1.00884168828485,2,1
89,-0.430172119510549,0.709467663031466,3,1
89,-1.76672356908234,-0.885964716784931,0,1
89,-0.215741030118224,-1.17336226157428,2,1
89,0.382223998992784,-0.240345690052314,0,1
89,-1.15915719137146,-1.07966590435082,2,1
89,0.115257718611717,-0.349621756259751,4,1
89,-0.435840123546206,-0.734639693674065,1,1
89,-0.140021146367798,1.90025443944171,5,1
89,0.726507022848163,1.7601136976327,3,1
89,-0.228635226295708,1.42459818931291,2,1
89,0.995854392114877,0.150182555322245,3,1
89,-0.875335694599743,-0.793270341562966,1,1
89,0.402805131352857,0.211589992880639,2,1
89,1.81297830875061,-0.844586740919303,6,1
89,-0.990573896970594,0.548354506640315,1,1
89,0.427718290003609,1.44993888513728,3,1
89,0.39508766577671,1.36024405712556,5,1
89,0.0193267181816195,-1.67519638699804,2,1
89,0.121292412871295,-0.628282537105403,0,1
89,0.67015340469005,0.265777907819109,3,1
89,-2.44218943707104,-1.48136069283915,2,1
89,0.0950355634047649,0.572471283171991,0,1
89,-0.825215907776843,-0.817223444635733,1,1
89,-0.210640678723489,1.08434549160422,6,1
89,-1.08995381906923,1.05545105010029,3,1
89,0.118834594774433,-0.391382695556112,1,1
89,1.52074648428477,0.410950678282599,4,1
89,-1.11337749557274,0.973057056158841,0,1
89,-0.889857459111114,1.00569063271948,0,1
89,1.96329323108467,1.70347230698314,5,1
89,-0.723156758663079,-1.10710750315796,1,1
89,0.553596071120981,0.709609863716788,4,1
89,0.291482992195097,-0.795078831252185,4,1
89,1.19234604104246,0.101143136429091,1,1
89,1.28921960044809,0.472445972098427,1,1
89,-1.2676870802829,1.0709430762257,2,1
89,1.41551627113968,-1.12503504289727,4,1
89,1.40099965708961,-1.49816038205032,3,1
89,-0.534243188321415,-0.0376990034818344,2,1
89,0.678035645756021,-0.0419598634831472,3,1
89,-1.42482746359153,-2.33285351713653,1,1
89,-0.217148431841861,0.723059233879374,4,1
89,-0.738641181012516,0.0142187761586165,3,1
89,1.05665022243493,1.3164406118572,2,1
89,-0.935221188854798,-1.12676727927057,3,1
89,0.103436118550155,-0.0597884925264045,3,1
89,1.53871756836341,-0.195334196659314,4,1
89,-0.443272706824625,0.193790101738418,2,1
89,1.30688677419782,0.693510069710432,4,1
89,-1.69516069303071,-0.782302453570783,2,1
89,-0.0684341526456814,-0.189024897740143,4,1
90,-1.32081950013407,0.314527832418003,1,1
90,-1.59338516095487,-0.728461975450498,2,1
90,1.58138294600879,0.782519233877368,9,1
90,0.362337093689824,2.07065316705482,3,1
90,0.206297331369636,1.46173872680627,6,1
90,0.57822022081389,0.172703840777421,4,1
90,0.267522164969827,1.73523933640609,4,1
90,0.331916712976374,-0.944108115366344,0,1
90,1.03159652198196,1.32207414069306,4,1
90,3.46942690285555,0.168500284676686,9,1
90,0.341731260563065,-0.847606855064622,4,1
90,-0.268250310402243,-0.384797836959971,0,1
90,1.50653031905601,-0.951334947629027,5,1
90,0.978562585603022,0.136045202329026,3,1
90,-1.22723711458786,-0.72177675146455,2,1
90,-0.82378224686281,-0.756875477215318,2,1
90,0.513039293898387,1.4691598129406,1,1
90,0.777042123226164,-0.999143646862725,3,1
90,-0.318766378571889,-0.252219948535347,2,1
90,2.30951311741079,0.707001240913153,3,1
90,-0.0858229703395427,-0.590818387350122,0,1
90,0.539203986206772,-1.84564827580186,3,1
90,0.530421436193616,0.742164727661546,5,1
90,-0.150564704985832,-1.29277431186831,3,1
90,-0.112243996551622,0.345748438343074,0,1
90,1.12310739660124,0.461867666725835,5,1
90,1.06555942098634,1.56920802004313,3,1
90,1.40955974476467,0.176952829611466,3,1
90,1.46028476446021,-0.128379652280145,5,1
90,0.108232085048811,1.23146769839678,2,1
90,1.25692527187792,-0.571315979167751,4,1
90,-1.42579566357512,-0.457976921793245,4,1
90,0.910759171875063,1.16354735253684,3,1
90,-0.387490109090138,-2.02593135173568,1,1
90,-1.4820811676102,-1.0021321530534,1,1
90,1.98263074321425,0.791629032614278,2,1
90,0.73212367680126,1.31308824971291,8,1
90,-1.10399761830265,-1.66851820856597,3,1
90,-0.68111770751676,-2.17819259415011,0,1
90,-1.09379171246694,0.48303863024775,3,1
90,-0.541876023023339,0.417374119951014,5,1
90,0.107420243335822,-1.03810597339999,0,1
90,-0.644848567097348,1.03179505296423,0,1
90,0.991146259972111,-0.659551657983755,1,1
90,-0.307135304864186,2.42176273416651,3,1
90,0.0605534645176922,0.848036127244858,4,1
90,-1.71075711747517,-1.43772170669592,0,1
90,0.818733165634803,-0.178000138651733,4,1
90,0.0509866865201097,0.206414580423159,3,1
90,-0.155202822482308,0.761301175154864,5,1
90,-0.797599289181953,1.36906779111242,3,1
90,-0.854181325583615,-1.60374043630772,2,1
90,0.462678281637172,-0.889109319311035,2,1
90,0.314718807348744,-0.328098035647934,2,1
90,0.636064167527789,-0.32856538921792,1,1
90,-0.472981267285,-1.74225391344823,3,1
90,-0.630143701409443,1.32220462643639,2,1
90,0.345731198534526,0.820409066861576,2,1
90,0.0209302020648891,1.15221174775606,3,1
90,-0.552074592788934,-0.30197829040933,3,1
90,-0.828039775206788,-0.695990585987588,1,1
90,1.11059534090158,0.819838004736527,6,1
90,0.130396625961382,0.0844882588959905,4,1
90,0.61917737721855,0.307889157686704,3,1
90,0.584942931658248,-0.654443756399572,2,1
90,-0.339597248491853,1.95196869297242,8,1
90,0.0810395733421821,0.270457797621063,1,1
90,1.21322828167101,1.59275630314792,3,1
90,0.232114913592678,-0.257518683704799,5,1
90,-0.67079966063024,-1.59329347896239,1,1
90,0.97819102231762,-1.44818516937397,1,1
90,-2.50941151335929,-1.04447609718321,2,1
90,-0.282770577055767,0.600248978879991,1,1
90,0.697291622560375,0.915902456322185,7,1
90,-0.63232255811462,-1.04662264960093,1,1
90,0.0211309608566123,-1.27737571071991,3,1
90,-0.837662734338938,-1.51047638868596,4,1
90,1.00959943792646,-0.761297193360826,1,1
90,-1.02243397538994,-0.309896562767343,5,1
90,-0.930087086382103,-0.500498652963421,0,1
90,-0.716970424337513,0.380323476657699,3,1
90,-1.10161618624786,-1.29883791642246,1,1
90,-1.83267133811161,-0.977005255254043,0,1
90,-1.00549566462645,0.37952017374345,2,1
90,0.113360964224476,0.0936009480186896,2,1
90,-0.479152823777696,0.22471665736399,2,1
90,-0.624151459414289,0.404445133644303,4,1
90,-0.232106838851733,0.342719022290344,2,1
90,-0.575318851941782,-1.213166988807,3,1
90,1.57479937344052,-0.169971407092658,5,1
90,-0.459746480380862,-1.18629480465938,1,1
90,3.05440131726382,1.98059194817163,5,1
90,0.146806927961997,-0.654814048135507,1,1
90,0.116242411963354,0.531694004972639,3,1
91,0.344546915620504,-0.417167328929594,2,1
91,1.67607776406988,-0.10877271770079,2,1
91,-0.906169996646204,1.18264741888215,4,1
91,0.920108973984325,0.244832288027148,2,1
91,0.976096036687759,-0.870023119897951,4,1
91,1.86697894661591,0.833883895074667,5,1
91,-1.41497048726014,0.528826844307447,2,1
91,-0.114114405232708,0.990038257227657,3,1
91,0.845234248977173,-0.237035682572193,2,1
91,-0.477147656110666,-0.682870155986357,3,1
91,1.44299434246698,1.18076854515705,5,1
91,-1.27892707520032,-0.740622365905488,2,1
91,0.0792977299272994,0.0386267181843945,3,1
91,-0.734733945456298,1.29333646006573,3,1
91,-0.122944772915491,1.2868961655015,1,1
91,0.877874911808794,0.663802173435956,0,1
91,-1.12533068146844,0.3192617491301,1,1
91,0.0478930289686421,0.0959361906767843,4,1
91,0.30530033957501,-2.14912530921192,3,1
91,-0.895452023657442,0.759847034488155,1,1
91,-0.800846435962372,0.740298097841957,5,1
91,-0.908046026704599,-0.379836305971964,2,1
91,1.34555906728064,1.6966928315561,1,1
91,-1.32938762413493,0.720368736406892,3,1
91,0.0904370324740098,1.73867808345182,3,1
91,-0.927714484898317,-0.168217577958556,3,1
91,-0.379020125969345,1.2794607628528,3,1
91,0.50888054312112,0.152940261391147,4,1
91,-2.15913159741378,0.421354331864677,2,1
91,0.339489446699508,-0.372252844331576,3,1
91,0.578328492562721,-0.442067445437715,1,1
91,1.33196309540511,0.349732010137796,1,1
91,0.512015110529088,-0.261031159281512,1,1
91,-0.124603698500743,-1.83012030317669,3,1
91,0.211539449328118,-0.412500481988845,4,1
91,0.269511246388151,-2.87740883599737,1,1
91,-0.164464363267136,-0.470327817477221,2,1
91,0.247794382577543,1.03464451089488,3,1
91,-0.819562983164356,-0.625557100219208,1,1
91,-0.431899193950865,0.532832431290722,4,1
91,1.27914727763623,0.655832220525559,4,1
91,-0.15663424161398,1.15896342682282,4,1
91,-0.491814462769969,-0.405698614726006,0,1
91,-1.45827832315668,0.820050311577586,1,1
91,-2.01557079465628,-1.27587127785987,2,1
91,-0.71679607181104,-0.0995462169866431,1,1
91,0.575523272101573,0.0288420041029161,1,1
91,2.21561539314999,0.443258378909122,7,1
91,1.65511935152434,-0.689785491074718,3,1
91,-0.0272048709920647,-1.99802720240033,1,1
91,-0.460080019221541,0.934974176968856,2,1
91,0.935388910912814,0.237108271774111,3,1
91,-1.41909897083096,-0.0639099869890224,0,1
91,0.112756090191675,-0.251284115816734,6,1
91,1.07266124172072,-0.197019025315764,5,1
91,0.666923681242247,-1.17955585998691,1,1
91,0.592467994538311,0.517484579742107,3,1
91,-1.85500575743617,1.06249298305251,4,1
91,0.429020032796405,0.476174317859164,9,1
91,0.514158087648679,-1.70386395552946,3,1
91,-0.962126364417603,-0.999687381843149,0,1
91,-0.0799799062573527,0.641561703533816,6,1
91,-0.0865614132079909,1.89543794618164,3,1
91,-1.83649692675324,-1.52896913769571,1,1
91,-1.26881095272063,-0.510188893528628,3,1
91,-2.4998822152041,-1.40035369115017,2,1
91,0.868932102031458,-0.852437687759916,3,1
91,2.06303373320531,1.54947218918433,5,1
91,-1.99420830778063,-1.13253277598145,1,1
91,1.10744416626565,0.150570139781581,3,1
91,0.729323060172742,-1.17882296141941,0,1
91,-0.601869475902829,-0.406396477788357,3,1
91,-0.62746665498686,1.68459893225514,6,1
91,-1.93563112659718,-1.21051220721339,1,1
91,1.17742876532513,0.0964052376380659,3,1
91,-0.259002522353115,-0.265315696351121,2,1
91,1.18727032289659,1.31544630244568,7,1
91,-0.423812471266749,0.701496793215548,3,1
91,0.200574854472235,1.29346649709577,3,1
91,1.64214302399489,0.562774545317182,0,1
91,1.43823199351902,0.207478822433738,2,1
91,-0.545029049839735,0.0546727144245021,1,1
91,-1.51980394389886,-1.34324306262005,0,1
91,0.876140251360566,-0.979972076462455,3,1
91,-0.722939641057287,-0.835978624234863,1,1
91,-1.69486830691742,-0.901918549211295,2,1
91,-2.9947966446311,-0.148617833367008,3,1
91,-1.57118510197807,0.0479543662413663,4,1
91,0.752151028637074,-0.606472887939164,4,1
91,-0.554317298966015,-1.42252611264819,3,1
91,0.708703536941064,-0.360325936251243,2,1
91,0.267913912879385,-1.27008674214802,4,1
91,1.08938863903076,2.00705071574255,4,1
92,0.508266779803498,-0.477270631476445,3,1
92,-0.418502863787333,-0.378588749402887,1,1
92,0.237339858757386,-0.789254909464068,6,1
92,-0.116599788991451,-0.748514869036576,8,1
92,-0.619030074454881,1.04284977154602,6,1
92,-0.137944474158401,0.228616582736061,1,1
92,-0.506175838014257,-0.0135757471878262,2,1
92,0.0809672744203525,-0.994219157924695,2,1
92,0.260974525203542,-1.06004170073228,1,1
92,-0.107570490602009,1.14817441768053,4,1
92,-0.144286099876104,1.61524888518503,2,1
92,-0.575289262317413,-0.647243424562656,5,1
92,0.606302954999346,0.466511744151825,2,1
92,-0.0890464667381344,0.712490903940967,6,1
92,1.80407985681147,1.10994104551833,6,1
92,0.937582261108637,0.376923771747732,4,1
92,-1.90457648822604,-0.266879676983843,0,1
92,1.11930419575351,1.03169453450621,4,1
92,0.103012660446102,0.580502748313954,4,1
92,-0.498987217674981,-0.447593837326848,0,1
92,1.58132743818819,-0.960842174891728,5,1
92,2.62781878801284,0.24882142311772,7,1
92,1.18739431791652,2.04414324238929,6,1
92,1.48222944857765,2.89343976076659,4,1
92,-0.61482663842965,-0.367487750176005,0,1
92,3.00701912485515,0.97013448460538,7,1
92,-0.267407749180199,0.487659193289471,3,1
92,-0.203183600146394,-0.728224353166527,0,1
92,1.80167780438192,1.55376617752153,3,1
92,-0.0591028492317997,-0.342909119205552,2,1
92,0.100008539849888,0.629679040148209,2,1
92,-1.76113278118648,-0.0191345245214647,3,1
92,-0.0575758783017882,0.223829435297594,4,1
92,-1.10720317823889,0.421898976554781,2,1
92,1.54235101777888,-0.26921875697439,5,1
92,0.380700918636758,-1.07728415137616,2,1
92,0.635818451999804,0.0496073618828955,2,1
92,0.704772851109731,0.257109780708584,1,1
92,-0.222967738439852,-0.581398543809852,1,1
92,-1.12995625739879,-0.799366084061398,0,1
92,-1.02309933218565,-1.6911509206959,2,1
92,-0.893423357564574,0.0393742473486709,3,1
92,1.09955965216583,0.498500254143658,6,1
92,0.272930572674755,-2.00518730584201,0,1
92,0.323197120540754,-0.0486368399368324,2,1
92,-0.237321829404637,2.12234800365127,3,1
92,-0.110028804625157,-0.654382579182444,3,1
92,-1.51554353048834,-0.895226658683389,0,1
92,1.11083810661075,-0.702356097730034,3,1
92,-0.826082832964954,-1.01813004733019,1,1
92,0.561631889900527,-0.296850429359754,4,1
92,-0.139172597193407,-1.06569147285089,1,1
92,-1.00613855739872,0.547241210272209,1,1
92,0.00669117989371408,-1.80387893113178,1,1
92,-1.84581487310459,-0.399801644698856,4,1
92,0.584814234125664,-0.30211499035378,5,1
92,-2.76352672386266,-1.9064621911252,0,1
92,0.772486349790394,1.32563724025085,7,1
92,0.385940695808775,-0.641882722028496,4,1
92,1.60261586673215,2.07938152115818,5,1
92,1.43608298313836,0.704897571397777,6,1
92,1.58975316200714,-1.03759154313187,2,1
92,0.824032382547353,1.02188291041757,5,1
92,-0.764280831601757,-1.06705224648173,2,1
92,-0.652404851969372,-1.23483236284387,3,1
92,-0.187905470349421,1.02075600972418,3,1
92,0.891350547502002,0.0225097413223139,2,1
92,0.937497409815026,0.247177970355351,4,1
92,0.47462686801205,0.239670060382531,4,1
92,-0.62943030015582,-0.960001265672664,2,1
92,0.559524211440531,0.764146861739392,2,1
92,2.39773510831582,0.214941357004883,3,1
92,0.115849003954587,1.56047070614671,5,1
92,-0.710911623727009,0.0233149259584974,0,1
92,1.74394304763974,2.24320753047701,6,1
92,-0.470358363480713,-1.0235686895489,2,1
92,-0.89678285299354,-0.448552560828481,1,1
92,0.0263825970527023,-0.1239225424046,3,1
92,1.1337122012433,0.530079764326255,3,1
92,-0.0287830844323104,1.25617550251469,7,1
92,-0.812384074246391,-1.18149145991869,1,1
92,-0.156651861278551,-2.17626816482437,2,1
92,0.809170377914147,-0.318093451614406,5,1
92,-1.27762745901152,-0.187680596011066,1,1
92,0.911487344505421,-0.718537362900429,5,1
92,1.95523247567152,1.53988721244267,9,1
92,-1.1374031858792,0.739079000587094,3,1
92,-0.693287662315267,-1.99719523563752,4,1
92,-0.756097749661749,-0.0384961842227813,1,1
92,0.546392502191242,1.19978544446805,1,1
92,-0.428308477942356,0.633039071228425,2,1
92,0.432174898727838,-1.27871174607958,2,1
92,-0.206118302239696,-2.08461190296917,2,1
92,-0.651290332272192,0.261841924457016,6,1
92,-0.560600317974361,1.00312436486161,3,1
92,0.415291014243258,1.24847450351427,4,1
92,0.0148648534912936,-0.26524861046503,4,1
92,1.31182209089806,-0.750146832357879,2,1
92,-0.562870514124831,0.500268337709084,3,1
92,-1.23988933315733,0.0783864463926606,4,1
93,1.49086057625688,0.34101504845343,4,1
93,-0.905651415563075,1.65112770327027,3,1
93,0.393543479874934,0.334263747641979,4,1
93,0.216836307575293,1.60629503893827,2,1
93,0.626737417281908,-0.304571251301217,3,1
93,0.651302760095536,0.598645230971,1,1
93,0.178708274867867,-0.940616535130564,2,1
93,0.47014511835973,1.3854175906151,3,1
93,0.591414808884197,0.615926038465701,3,1
93,-0.220573310059165,0.0204839266559266,3,1
93,-0.233484474649487,-0.43308732923468,3,1
93,-0.373212668177715,0.966116427969648,5,1
93,-1.93096814386944,-0.554234792801362,4,1
93,-0.789079322909473,-0.107928895904596,3,1
93,0.121825158924501,-0.044090225054419,1,1
93,-0.911067612424677,-0.100921786163821,4,1
93,-0.135109390643804,0.327175864158241,1,1
93,0.578124380828637,0.777050522687722,2,1
93,0.110561773387628,1.07254194906466,4,1
93,1.92147922726692,-0.477503542385451,4,1
93,-1.24367240632606,-0.166345424427975,2,1
93,0.709621988330174,0.0944928131997476,0,1
93,-0.402721271253043,-0.664172191890636,2,1
93,0.182454883778727,-0.833450401997727,3,1
93,0.934212404587087,-0.146352196227371,4,1
93,0.237343773176062,0.0874863128524759,6,1
93,-1.20173899851178,-1.54529061705039,2,1
93,-0.918886104748261,-0.689018979012724,0,1
93,0.729748728908069,-0.600698248899476,4,1
93,-0.718574625540671,-1.22164529748938,2,1
93,-0.259869232630782,-0.30935774787424,2,1
93,-0.818658596895237,-1.65035134177798,2,1
93,-0.296102131085127,-0.602530268960828,1,1
93,1.56986181487825,2.57427149037119,6,1
93,-0.143452987111524,1.07435637237472,5,1
93,1.33079419011219,0.986112697804493,2,1
93,-0.199881053793032,-0.483704130801519,2,1
93,0.509366045930549,-1.63909244566802,3,1
93,-0.227063466149871,0.329323989620436,2,1
93,1.17839201056073,1.3850932684268,7,1
93,-0.589772487466299,-0.290749189379668,4,1
93,-0.411976842222201,0.846597021857767,1,1
93,-1.15377679682719,1.19998819142618,2,1
93,1.6378284914059,-0.897324108137613,5,1
93,-1.32301819196294,0.530945750062411,2,1
93,-0.389002371539331,0.809321916147314,6,1
93,1.17779713336822,0.818024349292509,4,1
93,2.01331508171266,1.92823337839582,7,1
93,0.53881678525113,-0.460441498291308,3,1
93,-0.318839989057132,0.272050551087589,1,1
93,-2.04551674689207,-1.37918704824873,1,1
93,-0.829643770108202,-0.455963038731196,1,1
93,-1.69238709943575,-1.32827781134985,2,1
93,0.542908847278862,0.31833711647914,3,1
93,-0.224296398294811,1.76004649664084,5,1
93,0.221997132481933,-0.402498170340873,1,1
93,-0.257900989578003,0.983553907224671,4,1
93,-0.750751511228765,0.176727911762387,0,1
93,0.500473691958715,0.0108768179492159,1,1
93,0.125583772446838,0.340077835943232,2,1
93,0.912908054920241,-0.649184338877119,0,1
93,-0.366049554935282,0.5749965170911,4,1
93,1.08263867955363,0.364240895941221,3,1
93,0.454462801544059,1.6836250336288,5,1
93,1.47773730746208,-0.358832726372535,0,1
93,-0.0500562987076973,0.247187243044305,3,1
93,-0.61392782519989,-0.155945260778227,4,1
93,0.0229926090273536,-0.464080948722063,4,1
93,0.647045082296636,1.19603855162825,2,1
93,1.41710301814234,0.572280080870857,1,1
93,-0.0412485142252462,-0.570438751325561,2,1
93,-0.157295369570971,1.5000161313586,2,1
93,2.71505906431595,0.333629570401054,3,1
93,-0.709448408188571,0.0592201235996166,2,1
93,0.576567330851063,0.57264369813928,5,1
93,-0.872195014823762,-1.12848928997281,0,1
93,-0.0226860623060702,-2.29308173885089,2,1
93,-0.394797725850699,-1.09655098151373,2,1
93,0.750877118577953,-0.704810357519909,1,1
93,-0.384365447566662,0.490346451483032,0,1
93,-1.57881606269902,-0.946128117985728,1,1
93,-0.164905321241123,1.04854458600243,8,1
93,0.996662957598642,0.711646343728346,4,1
93,2.13470417236097,0.770489855631311,5,1
93,-1.05089362804299,-0.502701094094155,2,1
93,1.0504008502733,1.28961037373358,4,1
93,-1.31674036427888,-1.96405228721832,1,1
93,-0.0825938996482204,-0.382689590737354,3,1
93,-0.397124089481758,-0.892595852313207,2,1
93,1.4543623513998,0.0993444523004362,3,1
93,-0.979932660774499,-0.269902865111167,1,1
93,-0.035635983930856,-0.631650904152076,3,1
93,0.766065819369741,-0.222070406658179,0,1
94,0.784603977048661,0.43902887398806,3,1
94,-1.40769280581168,0.386668301079923,2,1
94,-1.10431978990658,0.101012024305596,4,1
94,-0.531081963784335,-0.275846793666726,0,1
94,1.3837608848718,-0.510929559330588,1,1
94,-1.28450627734327,-2.16570229291525,3,1
94,1.11135862694977,-0.224878785413946,2,1
94,0.386329009658303,0.247912611423055,1,1
94,0.180514703090825,0.0956484990049145,1,1
94,-1.00374995412066,-0.189593890771129,1,1
94,1.74058322394579,0.0991455736632137,2,1
94,0.129853806542162,0.814064619939343,4,1
94,-0.44039381444213,-0.20145019402505,2,1
94,-0.724068221541875,0.192896366892734,0,1
94,1.01208593350632,-0.830104316997774,2,1
94,1.12008200720657,-1.10388808908956,1,1
94,0.406171483027412,-2.59286246532801,4,1
94,1.07597262289192,-1.18064773669887,1,1
94,-0.287390929361582,1.20870958190049,2,1
94,-0.595283765058862,1.94830831836061,1,1
94,1.72992300641789,0.233285685892812,3,1
94,-1.35655201838999,0.794968997067292,4,1
94,-0.452925431658538,-1.1214880035721,2,1
94,-2.78918192460053,-1.60904238952472,1,1
94,-0.629504081285438,-1.15183603607932,2,1
94,-1.73967578453417,0.153314149139368,2,1
94,0.973068306896026,1.86587742991487,11,1
94,-0.276793408097225,-1.54891741245011,1,1
94,-0.227880108414654,-0.452437000927642,2,1
94,-0.991943559965116,1.07883832042088,1,1
94,1.2336251695767,0.554215692960032,7,1
94,0.319317711665162,0.69488530000016,3,1
94,-0.188982056287255,0.139323844930068,2,1
94,0.845410152712529,-0.269259204202748,3,1
94,-0.408231926313419,0.425241270329143,1,1
94,0.679193567158205,-1.22995914458285,2,1
94,0.353936061374974,0.430633110030105,3,1
94,-0.52165875506867,0.0450846532529194,3,1
94,0.420722426271216,-0.288794168275387,3,1
94,0.486226953392663,1.0346688600537,1,1
94,0.247410653332628,0.0232919267377939,0,1
94,1.10874363191964,1.66453332975563,3,1
94,-0.213747381434567,0.401232087526487,2,1
94,-0.0978351302146463,-1.25578817275601,4,1
94,-1.82004472390678,0.18079653064795,1,1
94,-0.674375679739778,1.32785414298852,3,1
94,0.550166379367423,-0.337156329192521,4,1
94,0.570294514701212,1.32148907316814,2,1
94,0.452576094557728,-1.07982340013276,1,1
94,-2.03861932379799,0.736685463114106,4,1
94,0.75554599899564,0.294467180887872,2,1
94,0.0437581890320142,-0.0535755987058954,1,1
94,-0.770504262244535,0.896679933839371,4,1
94,0.455658467491157,-0.356836958556739,4,1
94,0.667476745499465,0.44542394006646,2,1
94,0.0657425914079231,0.420687524352071,2,1
94,-1.59758827237628,-0.151347452337605,5,1
94,-0.151794759534893,1.32688516964726,3,1
94,0.891147076808733,0.403427018182037,6,1
94,1.42102324281452,-0.304695627571324,2,1
94,0.0992961668416154,0.329432990662294,2,1
94,0.980039186732922,-1.12400318875627,6,1
94,-0.713081151738712,-0.67191007251289,3,1
94,-0.0563619341263479,1.18259382604694,4,1
94,-1.65376850682257,0.30019315079159,2,1
94,0.127849048724948,0.276829143979879,3,1
94,-0.430064396239875,-1.21157238492577,0,1
94,0.809980978439179,-0.592032004670805,4,1
94,0.289513484174664,-0.600203295777174,5,1
94,-0.640179931086506,0.712150384991196,0,1
94,-0.120368788992644,-0.717770738816289,0,1
94,1.00329961411877,-0.136364284536076,3,1
94,-0.70760076002978,0.106727717869218,2,1
94,0.921976729508248,0.812676633584349,4,1
94,-2.31930511192577,-0.664026610036089,5,1
94,-0.789425964097713,1.20028157650583,4,1
94,0.526865462835704,-0.504178463808531,1,1
94,-1.59605438122037,-1.03981345444251,0,1
94,0.343979571056697,0.671824826718429,1,1
94,-0.603047852100611,0.0465087842214376,1,1
94,1.08786937476076,-0.206456828970071,4,1
94,0.958237889767089,1.30825313387027,4,1
94,0.348105087990391,-0.622544707305954,0,1
94,-0.703873797200233,1.02929094224845,6,1
94,-1.27998263355766,-0.0952915271841074,1,1
94,-0.475142348942651,-0.621304886873116,1,1
94,-2.23792830986188,-1.02592115693993,4,1
94,1.8941213548576,1.13485883322088,9,1
94,0.510292473868567,-0.0340768532166225,1,1
94,0.298732874075279,0.934504096684437,1,1
94,0.341784859310614,0.48187764314456,4,1
95,0.275248879373468,-0.71325327168235,3,1
95,-0.517190414867693,0.549781264593952,3,1
95,1.04641160125723,1.56255677827869,6,1
95,-0.910864969816131,-0.56849873929714,2,1
95,-0.346039710642674,0.0737856421209872,5,1
95,-0.39970874345605,0.584307248210967,2,1
95,1.06885341020301,0.100359153641741,4,1
95,-1.13096028522424,0.716501022147816,3,1
95,2.73408034156176,0.848308995955753,9,1
95,-1.47382613976444,-0.538289558090264,2,1
95,-0.731323661483648,0.176694246818661,2,1
95,0.544534538161401,-0.0547480184520897,4,1
95,-1.09187235966842,0.0939452514547018,2,1
95,0.1571597158686,-0.371998417859663,2,1
95,0.962567056542854,0.719265613404145,1,1
95,0.0459317357986247,0.978790397593846,4,1
95,-0.356927118790873,0.218848502121355,2,1
95,-0.189390957818339,0.345075595685247,2,1
95,-0.991578063541084,-0.467280146677459,3,1
95,-2.0709598039011,0.255086572541222,1,1
95,-0.344659699186942,-0.191795585539938,2,1
95,0.972216265416283,-0.929055570383814,4,1
95,-2.11158110053137,-1.09146289019785,1,1
95,-1.21967699665482,-1.89451250300024,0,1
95,-0.326227186694788,-0.347315138246543,2,1
95,-0.756185383770767,1.66011278075475,3,1
95,-0.274530196465857,-0.907567052534886,6,1
95,1.07611843648042,-0.819625934634123,0,1
95,0.873790998362157,0.0622924489661465,5,1
95,0.216483763829675,-1.27516161615496,2,1
95,-0.564397459151858,1.58292584710396,5,1
95,-1.53995563349797,0.761073565250025,4,1
95,-0.175153216291478,0.57708114368945,4,1
95,-1.45003248419253,0.107204786518023,4,1
95,-1.41427428574468,-0.554813915284568,0,1
95,-0.756619209663071,-0.28551790010068,3,1
95,1.01068578077055,0.522411444635112,3,1
95,-0.267373827784408,-1.04602450492123,2,1
95,1.41301974756625,0.580612049104962,1,1
95,0.679766274376404,-0.151963441333994,4,1
95,-0.664706483275063,-1.35925742608559,2,1
95,1.04699046147394,1.31235975024265,2,1
95,-0.782649232559791,-2.34119250912766,0,1
95,-1.45105103657557,1.72773100486233,2,1
95,-0.932504468790301,0.00962599135738698,2,1
95,-0.768575059417983,-0.714207584712263,1,1
95,-0.720664176805328,0.579423289040839,1,1
95,1.22920290627252,0.63922670230501,1,1
95,-0.205514746340585,2.15540882115706,6,1
95,-1.44119130182332,0.927438846365185,4,1
95,0.0490519381414027,0.22564046847119,4,1
95,-1.38515022712245,-1.13768532238221,0,1
95,0.44572150327359,0.270319310745055,4,1
95,0.740262443933749,0.00869518538938113,4,1
95,-1.00876292629971,0.134790513024099,2,1
95,-1.20169527198564,-0.326617049774991,3,1
95,-0.88744732650016,0.486670493121367,2,1
95,1.17144678580181,0.271188765990932,2,1
95,0.509537853960524,-0.109675352342276,1,1
95,-0.284346477336835,0.617110896857548,2,1
95,0.765921298963081,0.522470742540891,3,1
95,-0.15925635509828,-0.0532255226542821,4,1
95,2.64773131843384,1.44565638195072,9,1
95,-0.943231594259495,-0.83551760275616,3,1
95,-1.30431957695836,2.29488994893331,3,1
95,-1.75846630148062,-0.0142413077343758,3,1
95,-0.0589062606027074,0.736790840493604,2,1
95,-0.469028297746863,-0.725521514600486,2,1
95,0.756867076410655,0.484934884980234,6,1
95,-0.472517528264667,0.0420795695939003,5,1
95,-0.0654397066729958,1.1232774458954,4,1
95,0.209299992133494,0.972274396989839,2,1
95,-2.05730274531645,0.60749254796534,2,1
95,1.0424489181422,-0.613351350003378,2,1
95,-0.696418359387929,-0.496182325927889,5,1
95,1.6782520604882,1.86682321829163,4,1
95,0.976120780410537,0.572849878564415,7,1
95,1.30805143412806,-0.800409310847292,2,1
95,0.686290057374772,-1.25074988956028,3,1
95,-1.31164712636013,-0.395540969878807,0,1
95,0.510916375756,0.357536677213581,4,1
95,-1.26926379979967,-0.226405750242669,2,1
95,-0.539898056989798,-0.164506446974457,1,1
95,0.383056296605732,-1.03621246940457,1,1
95,0.760977058828662,-0.87829620977579,3,1
95,0.965374023455195,-0.499749328381092,2,1
95,1.60593281245036,0.755947566604639,7,1
95,-0.317796440687953,-2.3146796230863,1,1
95,-0.653954793993251,-1.97624542975139,1,1
95,0.16794329876316,-0.264483767545557,4,1
95,-1.79149809757978,0.288792879779289,2,1
95,0.853098760592024,-1.56003883330648,1,1
95,-0.176838485041323,-0.36881704685621,2,1
95,-0.709387825860188,-0.0217300773295261,2,1
95,0.931926737725799,-0.5593188082545,5,1
95,-0.174960220276741,1.11897708813464,2,1
96,-0.22515049047436,-0.141222312007835,1,1
96,-0.252724781600429,2.21001159088472,3,1
96,-0.170525101414019,0.0200358745845347,0,1
96,0.397024804781956,-0.253848617077907,5,1
96,-1.22245794060938,-0.522327213497099,2,1
96,-1.30329404194013,-1.36453523580784,0,1
96,-0.6283798051586,0.54426389690336,0,1
96,0.988032661496543,-0.227055825514254,6,1
96,-1.22815675180794,0.0326742796595884,0,1
96,0.0180576602808056,0.884958345330445,2,1
96,0.570937468263088,-0.872551624516734,0,1
96,-0.682488006736054,-0.669307931563507,2,1
96,-0.372389545880316,0.454263600875087,2,1
96,-0.409045661413987,0.464556202285284,2,1
96,-0.336131965933594,2.44243059638741,2,1
96,-3.25181416236877,-2.2616839380493,0,1
96,0.485334538226892,1.20205593131346,3,1
96,-1.03256469582831,0.830183255745759,2,1
96,1.14014392059556,-0.634593791720607,1,1
96,0.227344132793942,-0.11940359510587,1,1
96,0.717592176480296,-0.686765935725328,1,1
96,-1.17478325069391,-1.50209682884096,2,1
96,-1.05107975862982,0.353727918630114,2,1
96,-0.224595291311278,-0.911346649272892,2,1
96,-0.122685551697624,1.32217289043189,4,1
96,-1.27658785767685,-1.12624701221901,1,1
96,0.452837536434117,-0.128001694810037,4,1
96,-0.412892271962332,1.38300871417522,3,1
96,-0.942359617969975,0.152824408473619,1,1
96,0.672297597086566,-0.401604368413179,3,1
96,-0.26044565547992,-1.94741710246253,0,1
96,0.579143079353382,0.92828108943319,1,1
96,-1.00003480482557,-0.911410351904013,2,1
96,-0.203548330049484,-1.8636042411926,1,1
96,-1.24741023469029,-3.13824079495911,1,1
96,-0.28300402683661,-0.626369120574457,3,1
96,-0.879579993383284,-1.89163182467963,1,1
96,0.86591726216922,-0.815236262601174,4,1
96,-1.36287417862663,-0.0919660888822364,4,1
96,1.35208184270656,0.0252135955534541,3,1
96,1.97058438279771,0.246386679021216,4,1
96,0.964125737959136,-0.64065779842942,5,1
96,1.83576140241658,2.48102450011945,4,1
96,1.11369457882767,-0.143860309019246,4,1
96,1.14043931086655,1.09345179791851,5,1
96,-0.711361870052743,-0.125708012444291,1,1
96,1.18944041182611,0.511914747616714,3,1
96,0.520175607948358,0.712271253997312,2,1
96,1.2275154138496,1.31834736791338,5,1
96,-1.82792476734204,0.330699181040954,1,1
96,-0.995995277046897,0.0585809956094451,3,1
96,-0.922123022286079,-0.0776596996849838,3,1
96,-0.73901088824928,-0.834901578003611,1,1
96,1.147579857949,-0.92586389689723,3,1
96,-0.482921928306703,0.405137081038904,4,1
96,-1.15165236852056,-1.1244988173503,0,1
96,-0.409193777238142,-1.09576446493041,2,1
96,-0.259669218600979,-0.80771293574849,2,1
96,-0.79963386626471,0.36305666903798,4,1
96,0.126541385610832,-1.45908105139889,1,1
96,-1.60002735670121,-0.846736757752609,1,1
96,-0.0286679471791828,0.148714643772851,1,1
96,0.633078420154135,-1.09086185016381,4,1
96,-0.306321683160191,2.02806726695788,4,1
96,0.224528977552328,-2.87317211925978,1,1
96,1.53233245802007,1.84689977093842,3,1
96,0.744534286190736,0.866068637396012,2,1
96,0.0608387192759709,0.766694592218832,6,1
96,-0.430436095015237,-1.50232908959955,1,1
96,1.52973219194752,0.731753903107623,2,1
96,-0.148440917986357,-1.73224437011968,4,1
96,-1.46703180261233,-1.30051063634179,3,1
96,-0.347689451072265,-1.54114836742183,3,1
96,-0.766170673838599,-0.337792283733949,0,1
96,1.03544111857125,0.590951571174126,7,1
96,2.73808737852377,0.950599256921077,4,1
96,-0.885706869244803,1.06826391395069,1,1
96,-0.771396964970452,0.0131944513238262,2,1
96,1.12797750312972,-1.2145294916105,1,1
96,0.770239473661702,2.28124144636219,4,1
96,1.47013933263415,0.106079563188163,3,1
96,-0.663367379524387,-0.513343932894231,1,1
96,-0.790549140755658,-0.470221288062165,2,1
96,0.626937664940042,-0.901911801509333,2,1
96,-0.316059204535401,0.480116825703817,0,1
96,-0.397808234995214,-0.339277420418922,2,1
96,0.547692483053643,0.644447292310582,5,1
96,-0.233042177456933,1.79725214332091,5,1
96,-0.159460312533183,-1.43143098490856,3,1
96,-0.491456346338811,-0.684222252165504,0,1
96,0.239018573284681,0.462769016242402,6,1
96,-1.21313258601839,-0.65198925596407,1,1
96,-1.26803343772946,-0.555210467699121,1,1
96,-0.682865873534367,0.144714483125923,2,1
96,0.131452360117048,-1.53162243446109,4,1
96,0.532969731802062,1.50314876892184,5,1
96,-2.68080369089681,-0.605239070649845,4,1
96,1.079958401508,0.904683967829579,1,1
97,-0.419526583662078,-0.313440979401163,2,1
97,-0.240325940334934,1.49623376399698,4,1
97,-0.532724687551647,-0.418567979117083,1,1
97,-0.230359071573829,-0.407866046769343,1,1
97,0.818187454486384,3.18738792178641,5,1
97,0.286518258607518,1.10789442851704,2,1
97,1.18156998174675,-0.935406161442497,2,1
97,-0.38397358435079,0.770124319887177,0,1
97,-0.316599438593826,-0.709657899883933,5,1
97,0.0424106616200471,-0.294114915038036,4,1
97,-0.605647047386644,-0.198943573396045,2,1
97,0.441640409559306,-0.772609534546358,5,1
97,1.21457158630965,1.83452486479152,7,1
97,-0.144014953255523,0.0712735225644782,3,1
97,-1.25573880469783,0.631714919504999,1,1
97,0.295850928786771,-0.777190730324977,4,1
97,0.776267592664013,-1.32479988797204,2,1
97,-1.12746355745394,-0.411778356512467,3,1
97,-0.450137088440202,-1.8941365127897,2,1
97,2.19568589815619,-0.41129788831945,5,1
97,1.48050649693699,0.19525308882154,5,1
97,0.0231398400890447,0.249240263787541,3,1
97,-1.44116537834382,-0.154444479284859,1,1
97,0.652344910136137,1.08713348214071,6,1
97,-0.482562884661628,1.17688987916291,2,1
97,-0.64324129333741,-0.602150894810272,3,1
97,-1.28776007241484,-0.703860413427192,2,1
97,0.134508397168245,0.964372343918996,4,1
97,-2.34734887509858,-0.843240562542548,3,1
97,-1.63789854652478,-0.255002267418524,3,1
97,0.523793004414126,-0.63544331798642,0,1
97,0.0487211065095044,0.648744321962823,4,1
97,-0.172638398158264,-1.20214638865761,4,1
97,-2.69971857775197,-1.26016139558246,0,1
97,-0.240354823604184,2.11160739986981,4,1
97,1.42329742256656,0.316756794647016,3,1
97,0.485807088482808,-0.221521689557895,3,1
97,0.148503090987388,3.20734635572972,7,1
97,-0.957261726508785,0.0623051101357196,2,1
97,1.56167378924601,-1.86608140755713,5,1
97,0.0641216574505185,-0.00178101733186079,4,1
97,0.158076368228298,0.710408303673532,4,1
97,-0.179201513422601,0.217935121457056,4,1
97,-1.18122890673283,0.0640816968695873,0,1
97,-0.481541640213805,0.410891208774737,3,1
97,-0.661435722128774,-0.834156461020943,3,1
97,-0.796315768190808,-2.97520862037602,2,1
97,-0.65121911946477,-1.08374869313859,4,1
97,-1.36309762878293,-0.902245223132627,1,1
97,-1.43565734970757,-1.15708147326875,2,1
97,-0.209820573754565,-1.16067337930816,0,1
97,-1.27190677764758,0.432579384558065,1,1
97,0.924403805711321,-0.772412382768131,3,1
97,1.50858267630409,-0.315790019038557,4,1
97,1.69023267319915,1.11336243103366,8,1
97,-0.369459361417418,-0.352293345586349,1,1
97,-1.89147753952782,-0.974066645065148,0,1
97,0.0656718928954689,-0.146272744890071,1,1
97,-0.608655517432112,-0.476710036576048,1,1
97,0.380024715519684,-0.13709952290659,6,1
97,-0.789433759481339,1.35351236056226,3,1
97,0.394194962978876,1.81029609634221,5,1
97,0.622134108663449,0.986058281260103,2,1
97,0.289308586504015,0.366700440545442,0,1
97,0.858391290244962,-0.521293646317714,3,1
97,0.509281192177362,0.944545984135285,1,1
97,1.34852436791378,-1.45927596929398,0,1
97,-0.89481987380888,-0.199114815632274,1,1
97,0.862230296180469,1.10538442124256,4,1
97,1.35574955369243,0.544084360048688,4,1
97,-0.422590921858626,-1.52120081451273,1,1
97,1.26484412444049,-0.0536878187111437,3,1
97,-0.147155760127093,0.692624846497683,4,1
97,-0.624358024983123,0.334787110821053,1,1
97,0.392724560622896,-1.10648903080219,3,1
97,-0.971408533783738,-1.95884619164038,2,1
97,-0.0210205314257331,1.712456978076,3,1
97,-1.1806198691693,0.623848509015638,2,1
97,0.74480229604425,0.621739193107328,0,1
97,-0.93854295724869,0.10119144767764,3,1
97,0.989468845003023,1.40651503620102,7,1
97,1.84559329572528,-0.111291991938158,6,1
97,0.166508290114055,0.846888483924642,1,1
97,-1.18199393472522,-0.846658318094687,3,1
97,-0.047726193905853,-1.25155824358521,1,1
97,0.946585603455319,-0.613996786030342,3,1
97,-0.759204511177235,-0.0502367798137216,1,1
97,-1.16872924997184,-0.435231524693034,2,1
97,0.00767678207491155,-1.63679397696351,1,1
97,-1.76685988200148,-2.05764689614397,2,1
97,-1.97332263702029,0.420690058568948,1,1
97,0.0941865848420477,1.23010693365178,4,1
98,-0.0417631702559293,-0.0160892852633948,5,1
98,-0.725784026061493,-0.913340907851712,3,1
98,-0.392620544810826,0.1347170168104,1,1
98,-0.818448504575631,0.812623759429554,1,1
98,0.643110739863037,-0.586996520323678,3,1
98,-0.552681326186098,0.115302823972937,3,1
98,-1.65809220765058,-0.00715861112626581,1,1
98,-0.883884750274397,-0.232241138465543,2,1
98,0.287771175443707,-0.656888861809487,4,1
98,0.855416620164432,1.30283661613433,2,1
98,1.34965646019728,1.5588432848572,3,1
98,0.583123117989256,0.863126220796658,2,1
98,-1.46649730069751,-2.6408511551811,0,1
98,-1.38391526198916,1.73097028870975,5,1
98,1.47720910999516,0.442155728221115,4,1
98,0.958160624315534,-1.71183927547363,2,1
98,1.00757064634089,-0.252140913608995,1,1
98,-0.484062665027614,-0.26819704954383,2,1
98,-1.1943365561041,-1.27695107830114,1,1
98,-2.42826772451198,-0.612142937567734,0,1
98,1.09221536719002,0.940507843094901,7,1
98,-1.53019460449053,-0.868492663129791,2,1
98,1.15114184629382,1.01314743670336,4,1
98,-1.59128518389547,-0.749940426174426,2,1
98,-1.65524469781345,-2.13151445823502,5,1
98,-0.551732065166595,-1.51381279464669,0,1
98,0.197558328929364,-0.343090883623331,3,1
98,0.88938149425747,1.66839211760026,5,1
98,0.327854352568316,0.411049309032542,2,1
98,0.267124457886606,-0.230756749243114,3,1
98,-0.817530710143813,-0.977473105750347,4,1
98,-1.36770652669953,-0.0481113588423362,4,1
98,1.75369068530946,-0.656899573704761,10,1
98,-2.44630953407521,-2.04801453032202,1,1
98,-0.544679211276286,1.06844120220201,4,1
98,0.0230279355801127,-1.88256136555808,1,1
98,-0.819008123419681,-0.293038759976016,5,1
98,0.818830162209637,1.40676703957844,6,1
98,0.580220634895672,2.56055655546072,6,1
98,-0.322008676357267,-1.15411783983964,1,1
98,-0.534432241873101,0.681353761409298,2,1
98,-0.228968421831408,0.969949391387239,2,1
98,0.713894643791998,1.26570346828039,5,1
98,-1.20146897934186,0.432293763923911,1,1
98,-1.50636454306297,-0.146071525292563,2,1
98,-0.475287031245849,-0.382577566437776,3,1
98,0.241240615301739,1.40966449179421,5,1
98,-1.24847865333141,-1.01784719467805,0,1
98,0.733571649532726,0.0369912477333275,7,1
98,0.0948234185921095,-0.328309661791482,2,1
98,0.0823484803877323,1.69900971249709,4,1
98,0.0095904570759198,-0.862459397906783,2,1
98,1.97017765492934,1.65000130922898,5,1
98,1.21075924323829,0.649439844163603,3,1
98,-1.41426312974154,0.928482814421659,2,1
98,1.80718991273925,-1.63206101166569,3,1
98,-1.15904682265828,0.491686993915944,1,1
98,0.365322161675199,-1.33728568935977,2,1
98,-0.0706630777107,-1.15900893446645,1,1
98,-0.0558745595155874,-1.8415588234226,1,1
98,0.0925174170469774,-0.769114793478381,3,1
98,0.600872121180273,1.23996819156305,4,1
98,-0.980725356848522,-1.06608462356666,4,1
98,0.317548169293604,1.54482359495562,5,1
98,-1.77985139370913,0.417885410738449,1,1
98,-0.733748729701348,-0.413756717493865,2,1
98,-1.16249029132811,-1.43329263112333,2,1
98,0.175894621788904,0.519460422808268,2,1
98,2.27677459630799,1.65098065339143,9,1
98,-0.264387912053567,0.154752803605225,2,1
98,-0.195807264102791,1.37260370421968,4,1
98,-0.497348095243339,0.635192344257686,4,1
98,1.06705577378099,-0.210555019860466,3,1
98,1.97887564355866,1.07101814574338,2,1
98,-1.88942346670506,-0.254056511469988,2,1
98,-1.5219797048482,-0.919512085176964,1,1
98,0.632445514485779,-3.00516455686675,2,1
98,0.303082545450151,0.271894927988235,7,1
98,0.169612182956991,0.137157196368799,2,1
98,0.185318117120269,-1.03807734847996,0,1
98,0.903334707130269,-0.710214471260469,4,1
98,-2.31943285517125,-0.127859075762676,1,1
98,0.424688017792942,-0.549219847165262,0,1
98,-1.15422253502096,0.735954875423672,2,1
98,-0.195366500362006,0.934952637107887,1,1
98,-0.610890636762657,0.669956445107076,2,1
98,1.01181378719293,-1.01411660072529,1,1
98,-0.0944579648376569,-1.28333169057075,4,1
98,1.55238944850513,0.52864467815659,0,1
98,0.343039422338093,0.683473637176899,5,1
98,0.636660467474586,0.0621610847342707,5,1
98,0.0857639175225489,-0.451495254073915,4,1
98,0.316471045087898,0.738502267758402,5,1
98,-0.78987480502316,-1.47308217248702,2,1
98,0.156713832359988,-1.15832380756139,4,1
98,0.213870014500118,1.20843795391767,2,1
98,0.956848836414425,1.16487639471591,3,1
98,0.0633716126632393,0.794563187196968,5,1
99,-0.493801215578348,0.339327256645849,4,1
99,1.18023647988802,-0.0201776367779631,1,1
99,-1.36408640345386,0.0416774361915466,3,1
99,0.234825473745039,-0.591850814947106,1,1
99,0.251996363692496,0.809519104528929,7,1
99,0.330645295435909,-0.81036041968623,2,1
99,-1.86225432030326,1.70861948414424,3,1
99,0.641784955793134,1.05074918413672,4,1
99,1.28372971440171,1.0567574293468,5,1
99,-0.094972752661802,-1.23566410836599,2,1
99,-0.760091681363525,-0.978061987113671,2,1
99,0.0288277148885819,-1.14048275954709,2,1
99,0.404583273401095,-1.94993642140536,2,1
99,0.129196686607506,-0.481160013690503,4,1
99,1.06732623205253,1.17124211304424,6,1
99,-0.546550907341521,-0.466572721638272,3,1
99,0.272774606916108,-1.62892948025156,3,1
99,-0.342410690287009,-1.2274457612595,3,1
99,1.56317694401518,-0.614934978232667,2,1
99,0.262029790678046,-1.00987881782587,4,1
99,-0.640547608019326,0.244586557287226,5,1
99,-0.253110899472622,1.02756153196432,0,1
99,-0.39229415746321,-0.964005239780575,1,1
99,-0.00162348618322291,-0.704118876312103,1,1
99,-0.507983090420384,-0.0617759064039278,0,1
99,0.349925079433557,0.298098869663139,3,1
99,1.02192738058671,2.27018606824701,5,1
99,-0.253927559627397,-1.40524008925005,0,1
99,1.14583057928267,0.36346575087988,1,1
99,-1.57542132996787,0.71646335011186,5,1
99,1.92863799338506,0.216291945797347,4,1
99,-0.665770799517096,-0.465995551224005,1,1
99,-1.81041494724032,-1.31080171435468,1,1
99,1.16080774035383,-0.52202315054356,4,1
99,-1.3218094171737,-0.471339916547535,1,1
99,0.70527907143174,0.843316149636698,2,1
99,0.0738460731341377,0.163884458823649,1,1
99,0.925502956474451,1.57183411476942,10,1
99,-1.45901391558672,-1.50042613438694,1,1
99,-0.285165943045242,-0.466846195704403,2,1
99,0.44538547085305,0.59187187387744,2,1
99,0.157186173772479,-2.41085625000292,6,1
99,0.821757141503617,0.145651540109665,1,1
99,0.290869110939273,0.595139413155843,3,1
99,0.135059888770739,1.91387211695395,7,1
99,-0.896150533453286,-1.26128067459111,0,1
99,0.64030326585853,1.1923197886155,7,1
99,-1.44853228505575,-0.782269554785608,0,1
99,-0.281851635871163,-0.565944771249474,2,1
99,-2.46753212049339,-2.51780781972453,0,1
99,-1.12443401861548,0.416802985740016,0,1
99,-0.074640895178541,1.37114063672333,5,1
99,-0.340589012594218,0.19408923197269,3,1
99,-1.00346764945835,0.206149200012627,1,1
99,0.839843628224015,1.06159146959164,3,1
99,2.04969697520235,-1.49676106113941,2,1
99,-0.803814063966281,0.158958725908173,3,1
99,-0.586488490272326,-0.361437216476363,4,1
99,-0.619300719721674,-0.526054555770461,3,1
99,-0.475509662463924,0.261041540466302,2,1
99,-0.992746954861325,-0.126054793975845,5,1
99,0.266690720752015,0.059585512984584,2,1
99,-1.51690151791066,0.762801195624858,2,1
99,-0.66601697061725,-1.02889405475623,2,1
99,-0.240134401100921,-0.441132646047679,3,1
99,-0.0752984330078871,-1.43452034210476,0,1
99,1.00563812298037,0.224932708925057,3,1
99,0.213846593312878,-0.33559065336697,4,1
99,0.496862825827257,1.5948176502875,4,1
99,0.383579952175063,1.05733017429569,3,1
99,0.388697854656324,1.77820336574546,1,1
99,-0.578870327621171,0.182430497128255,3,1
99,0.562595854903764,0.289905538130718,1,1
99,-0.233768055616743,-1.81784888144431,1,1
99,0.496402598599213,-1.3559282931177,1,1
99,-1.23769222737592,0.652335844082734,3,1
99,1.25058499275043,-0.540622179703403,3,1
99,1.80474571451621,1.78389013428568,5,1
99,0.54150200123655,-0.687331411107999,4,1
99,-0.951245932208531,1.11544787124408,6,1
99,-0.807417474851495,1.13709043723172,4,1
99,-1.70739172583408,-1.20638125853717,3,1
99,-0.639070305842418,-1.21641619932045,2,1
99,0.406377301442693,-0.127134946250096,2,1
99,1.41523444673987,1.03983687830274,2,1
99,0.114241758950486,-0.12397705027662,2,1
99,0.341093201091112,-0.351561246931975,4,1
99,-0.274190002630265,-0.572810322363814,3,1
99,-1.1691251322203,-0.341240918224154,0,1
99,0.0403110645273663,1.15051557740674,1,1
99,-0.342792853837785,-1.50240718252883,4,1
99,-1.84808528849745,1.99482847166,3,1
99,2.61685077800826,2.15245423988506,5,1
99,-0.292993081518629,-1.97134820474176,2,1
99,0.718165791819633,-0.274020751205043,5,1
99,-0.998515954195423,0.938131761497963,2,1
100,-0.723367053785692,-0.67649374888443,2,1
100,0.0842711194140431,-0.176188423285924,3,1
100,0.342745147001742,-0.0548687013959389,4,1
100,-1.09267986221148,0.0186645496271557,2,1
100,0.755675653193963,0.384888809366307,5,1
100,-0.245262633446684,-0.49314187401753,4,1
100,-1.01886866300546,-2.43767846978727,2,1
100,0.157803660959939,2.95773953202323,4,1
100,3.27262495209834,0.655212538448011,12,1
100,-0.119830080103281,-0.172318477861196,2,1
100,-0.754915215012276,-0.00897338877411379,2,1
100,-2.11342927132644,1.06077927473499,4,1
100,-0.625406418212104,-0.737022216389044,0,1
100,-0.281378953280558,-1.06319304110507,1,1
100,1.33746333524465,1.79735073766348,6,1
100,-1.80124965727373,0.277864365634909,2,1
100,-0.845022036394145,0.930211631756794,2,1
100,-0.350378435038893,-0.777925914725461,1,1
100,-1.23009275277137,0.922397089058692,2,1
100,0.864227600307739,-0.296646408266215,6,1
100,-1.14340456226051,0.0419965305176763,4,1
100,-1.77062003699928,1.50367012429941,2,1
100,-0.367257741974933,0.0623925947846213,1,1
100,0.184371607866694,0.91869053901877,3,1
100,-1.13887669225415,-0.621183199411088,1,1
100,-0.11915598650232,0.679814410711916,6,1
100,-1.25504332655319,-0.0298138084753536,0,1
100,-0.123820669491829,0.19391683993559,2,1
100,1.16225634498491,-0.0364875843449756,1,1
100,0.510225064119609,-0.565376643262683,3,1
100,1.6934534679896,-0.601627878699072,1,1
100,-1.99608510201276,-0.14011049488333,1,1
100,0.1359284789927,-0.0233065035124812,5,1
100,0.321574775669515,0.850465282217304,3,1
100,0.42092389713346,-0.601703995738005,2,1
100,-0.965706404212592,-1.4256774284307,1,1
100,0.545745196419004,0.896915264856111,5,1
100,-0.849619986131728,0.501995197305994,4,1
100,1.65270277804349,1.28288956840907,0,1
100,0.295879155949567,-0.183621283696135,1,1
100,-0.0322519025994686,0.751808596742895,2,1
100,1.49515210845134,1.0958466068958,5,1
100,0.129530538242176,0.725897235677879,0,1
100,-0.786400417705385,-0.0893599386844874,0,1
100,0.663412671104554,0.89093933197035,9,1
100,-0.161550052353295,-2.38511328509774,2,1
100,-0.544475120786003,0.336000640976021,3,1
100,1.09119593617632,-0.509837419826211,4,1
100,-0.595155090196084,-0.269971951267677,2,1
100,-0.844829787191236,-2.14060415129485,4,1
100,0.703345011365316,-1.13862983567613,2,1
100,0.813466856695129,-0.744808419755066,1,1
100,-0.891202924774846,-0.0180313939038554,2,1
100,0.147166010491595,0.250232046217064,5,1
100,-0.591278569510562,0.649595176286848,6,1
100,1.84476710955201,1.21930194258363,4,1
100,0.460625756145466,-1.42949400297743,8,1
100,-0.0485278394001075,1.56845331062012,6,1
100,-0.0546328080451702,1.81111528202939,5,1
100,0.299486629093841,0.0302536831885621,3,1
100,0.540522875710819,-0.23997881251588,3,1
100,-0.145700158643761,0.153299063868208,3,1
100,-0.408806216030315,0.197178073801426,5,1
100,0.694710199500402,-0.299786753540848,6,1
100,-0.330017495192249,-0.206990547587944,4,1
100,-0.337509925748883,-1.60038629796494,0,1
100,-0.422477432708636,0.624699520923388,3,1
100,0.245043534255297,-0.491258124261691,3,1
100,-0.199682264831821,-1.57068798628913,1,1
100,0.734348152436031,0.914741081665697,8,1
100,1.05230193071836,0.593614930706928,6,1
100,-0.0784638919434662,-2.31563344169719,1,1
100,-0.213577755223806,0.168445155271712,2,1
100,1.04730253562751,-0.256432496156992,3,1
100,-0.668652488090009,-0.204864235347068,2,1
100,1.06561967590472,0.476022421923104,2,1
100,1.64776652380587,1.66726088966619,5,1
100,0.12028573103419,-0.490139802531778,2,1
100,-0.420144530620298,-1.19385036419405,0,1
100,-0.0627040828383277,0.49840447887474,6,1
100,0.418861280592711,0.332217432044561,3,1
100,-0.695273925515556,0.673557952583446,4,1
100,-0.233405247480417,0.0432311872200974,3,1
100,-0.299282043046199,-1.12232201008817,2,1
100,0.295401334439503,-2.00670698432575,1,1
100,-0.676167164610253,-0.356384988590052,3,1
100,0.0365549664077436,-1.6239608930869,1,1
100,-1.05109441508481,-1.65991522343801,2,1
100,-0.0434203104971181,-1.57873767901729,1,1
100,0.814093441169059,-2.00947759861606,5,1
100,-0.815200049947797,-0.678581821322818,2,1
100,0.097544884817989,-1.37914948938494,2,1
100,-1.04116563366701,-0.0578831319564008,3,1
100,1.10189415990245,-2.56444978397699,0,1
100,0.674851249474391,-0.412614830809637,1,1
100,1.56167464801843,-1.21494437825142,0,1
100,0.760825174002054,0.620863265768781,2,1
100,-1.00503536200248,0.200718656393385,5,1
100,-0.344176906751286,0.760407108663927,0,1
